,64B,16B,% change (16B vs 64B),rel change (16B vs 64B)
__write_nocancel,2549422,3176035,24.578629979658135,626613
"invocation function for block in dyld3::MachOFile::getEntry(unsigned long long&, bool&) const",9644628,9794504,1.5539842490555364,149876
__open_nocancel,6997587,7124750,1.8172407145491725,127163
__bzero,664377,786671,18.407319940335082,122294
ossl_provider_free,23437832,23535305,0.41587890893662866,97473
lsl::Lock::unlock(),240209,298794,24.38917775770267,58585
small_free_list_add_ptr,2173951,2210488,1.6806726554554359,36537
lsl::EphemeralAllocator::deallocate_buffer(lsl::MemoryManager::Buffer),1075914,1107210,2.908782672221014,31296
__fcntl,291749,322168,10.426428196840435,30419
small_free_list_remove_ptr_no_clear,1844234,1871422,1.4742163955333216,27188
madvise,2622361,2649338,1.0287294541064331,26977
Diagnostics::noError() const,2278826,2304868,1.1427814146406967,26042
small_free_list_remove_ptr,1501544,1527540,1.731284597720746,25996
memset,274456,294882,7.442358702305651,20426
lsl::Vector<lsl::MemoryManager::Buffer>::reserve(unsigned long),543416,560458,3.136087270157669,17042
property_hash,4353963,4370444,0.37852871051040166,16481
__chkstk_darwin_probe,1053409,1068585,1.4406560035086087,15176
os_unfair_recursive_lock_lock_with_options,1044546,1057247,1.2159349612176007,12701
tiny_try_realloc_in_place,263038,275381,4.692477892928018,12343
signal,154579,166165,7.495196630848951,11586
OPENSSL_LH_set_down_load,1763707,1773385,0.5487305998105128,9678
_kernelrpc_mach_port_construct_trap,391084,400204,2.3319798304200634,9120
small_try_realloc_in_place,910743,919126,0.9204572530340613,8383
strcmp,3602607,3610752,0.22608627585523483,8145
err_unshelve_state,401457,409326,1.9601102982386658,7869
___chkstk_darwin,1113677,1121300,0.6844893088390979,7623
__sigaction,237835,245416,3.1875039418083966,7581
dyld4::LibSystemHelpers::pthread_getspecific(unsigned long) const,1031541,1038165,0.6421460707814813,6624
dyld4::JustInTimeLoader::loadAddress(dyld4::RuntimeState&) const,1459246,1465619,0.4367323946750582,6373
EVP_RAND_CTX_free,324288,329751,1.6846136767317939,5463
ERR_print_errors,194999,199787,2.455397207165165,4788
ossl_lib_ctx_get_concrete,433753,438251,1.036995709539761,4498
lsl::MemoryManager::lockGuard(),1603251,1607744,0.28024308108961105,4493
tdes_ede2_cfb_get_params,245210,249664,1.8164022674442317,4454
__getrlimit,221334,225498,1.881319634579414,4164
__sflush,791447,795536,0.5166486195538046,4089
ossl_lib_ctx_get_ex_data_global,541956,545995,0.7452634531216557,4039
pthread_cond_init,988292,992243,0.39978063163518474,3951
EVP_des_cfb64,153999,157542,2.3006642900278576,3543
dyld4::JustInTimeLoader::beginInitializers(dyld4::RuntimeState&),490378,493838,0.7055781458385164,3460
OSSL_STORE_LOADER_set_eof,227829,231247,1.5002479930123032,3418
EVP_aes_128_xts,140171,143504,2.3778099606908705,3333
ossl_comp_zlib_cleanup,181537,184664,1.7225138676963923,3127
BIO_set_flags,496122,499207,0.6218228580873253,3085
EVP_MD_free,131708,134667,2.2466364989218572,2959
_qsort,3322638,3325552,0.08770139870789416,2914
os_unfair_lock_assert_not_owner,1105336,1108249,0.2635397743310631,2913
strchr,115876,118712,2.447443819255066,2836
EVP_des_ede3,118124,120828,2.2891199078934004,2704
EVP_des_ede3_cfb64,162039,164661,1.618128968951919,2622
function_cmp,155918,158501,1.6566400287330518,2583
tiny_malloc_from_free_list,398417,400916,0.6272322717153134,2499
bio_open_default,372704,375087,0.6393813857645746,2383
lsl::EphemeralAllocator::reset(),424714,427040,0.5476626624034057,2326
aes_128_siv_get_params,241666,243872,0.9128301043589085,2206
EVP_camellia_192_cbc,161911,164001,1.2908326179197214,2090
ossl_sa_new,451959,454041,0.4606612546713308,2082
camellia_256_ctr_get_params,253541,255545,0.7904047077198559,2004
BIO_next,347748,349750,0.5757042456031379,2002
ossl_store_cleanup_int,166378,168245,1.1221435526331607,1867
dyld3::kdebug_trace_dyld_enabled(unsigned int),342214,344038,0.5329998188268159,1824
EVP_bf_cbc,105126,106877,1.6656203032551415,1751
EVP_aes_256_cfb128,155125,156836,1.1029814665592264,1711
rack_region_insert,869876,871577,0.19554511217690795,1701
OPENSSL_LH_get_down_load,902623,904321,0.1881184060233342,1698
ossl_comp_zstd_cleanup,164246,165875,0.9918049754636338,1629
EVP_PKEY_asn1_get_count,211752,213375,0.7664626544259322,1623
EVP_shake128,119203,120792,1.3330201421105172,1589
EVP_CIPHER_get_key_length,254584,256169,0.6225842943782799,1585
EVP_md5_sha1,120245,121754,1.2549378352530252,1509
OPENSSL_sk_delete,1425797,1427297,0.10520431730463733,1500
aes_192_gcm_get_params,233832,235331,0.6410585377536009,1499
ossl_property_has_optional,257465,258955,0.5787194375934593,1490
tiny_free_list_remove_ptr,1877867,1879328,0.07780103702764893,1461
ossl_indicator_set_callback_new,266628,268084,0.5460791814813148,1456
EVP_sm4_cfb128,139419,140870,1.0407476742768202,1451
ossl_child_prov_ctx_new,208579,210003,0.6827149425397572,1424
EVP_rc2_ofb,107669,109081,1.311426687347333,1412
ENGINE_set_ctrl_function,220207,221583,0.6248666027873774,1376
OSSL_STORE_LOADER_set_expect,255460,256836,0.5386361857042199,1376
CRYPTO_THREAD_get_current_id,208748,210120,0.657251806005327,1372
lsl::Vector<dyld4::Loader const*>::reserveExact(unsigned long),465959,467330,0.2942318959393423,1371
aria_256_cfb1_get_params,234207,235541,0.5695816094309735,1334
ossl_stored_namemap_free,213083,214375,0.6063364979843535,1292
EVP_cast5_ecb,135794,137084,0.9499683343888538,1290
EVP_sha3_512,116626,117916,1.1060998405158369,1290
EVP_camellia_256_cfb128,185669,186958,0.6942462123456258,1289
EVP_aes_256_ccm,130044,131333,0.9912029774537848,1289
_platform_strnlen,372085,373374,0.34642621981536476,1289
evp_app_cleanup_int,186834,188082,0.667972638813064,1248
ossl_trace_cleanup,137293,138540,0.9082764598340775,1247
EVP_sha512,108250,109496,1.1510392609699769,1246
vm_deallocate,139628,140837,0.86587217463546,1209
EVP_aes_256_gcm,128042,129249,0.9426594398712922,1207
ossl_comp_brotli_cleanup,183372,184579,0.6582248107671836,1207
EVP_camellia_256_ctr,168000,169205,0.7172619047619048,1205
lsl::EphemeralAllocator::~EphemeralAllocator(),726581,727743,0.159927110673139,1162
EVP_cast5_cfb64,139998,141123,0.8035829083272618,1125
_cleanup,109963,111083,1.0185244127570183,1120
EVP_aes_192_cfb128,152752,153838,0.7109563213574945,1086
dyld4::JustInTimeLoader::hiddenFromFlat(bool) const,400001,401081,0.2699993250016875,1080
EVP_aes_192_cbc,128712,129792,0.8390826030206973,1080
ossl_sa_doall_arg,578674,579717,0.180239651340824,1043
COMP_zlib,178624,179664,0.582228591902544,1040
EVP_chacha20_poly1305,170959,171917,0.5603682754344609,958
EVP_shake256,121002,121958,0.7900695856266838,956
ossl_cipher_generic_einit,470088,471041,0.20272799986385528,953
EVP_CipherUpdate,185418,186332,0.49294027548565944,914
OSSL_ERR_STATE_new,217748,218587,0.3853077869831181,839
EVP_aes_128_cfb1,139499,140335,0.599287450089248,836
EVP_des_cfb1,127167,128001,0.6558305220694047,834
chacha20_poly1305_get_params,276084,276915,0.30099534924153515,831
aes_192_ofb_get_params,226837,227667,0.3659015063680088,830
EVP_camellia_128_cfb8,170791,171620,0.48538857433939725,829
engine_remove_dynamic_id,254833,255628,0.3119690150019817,795
EVP_aria_128_cfb128,159789,160580,0.49502781793490164,791
_NSGetEnviron,761125,761913,0.10353095746427984,788
init_thread_stop,177420,178206,0.4430165708488333,786
aes_256_cfb8_get_params,234124,234909,0.33529240915070646,785
dyld4::Loader::beginInitializers(dyld4::RuntimeState&),428953,429713,0.17717558800148267,760
aes_256_wrappad_get_params,254871,255623,0.2950512219907326,752
EVP_des_ede,110833,111585,0.6784982811978382,752
EVP_aes_192_ocb,133293,134043,0.5626702077378407,750
aes_128_cfb_get_params,228038,228788,0.32889255299555337,750
EVP_aes_128_ccm,135040,135753,0.5279917061611374,713
EVP_aes_192_cfb8,135667,136377,0.523340237493274,710
"lsl::AllocationMetadata::AllocationMetadata(lsl::Allocator*, unsigned long)",1697293,1697995,0.041359977328605024,702
dyld4::Loader::hiddenFromFlat(bool) const,342793,343457,0.19370290525185752,664
EVP_idea_ofb,109463,110123,0.602943460347332,660
EVP_aes_256_ofb,129124,129751,0.4855797527957622,627
aes_256_xts_get_params,243545,244125,0.23814900737030115,580
EVP_CIPHER_get_flags,164792,165372,0.35195883295305597,580
ossl_free_compression_methods_int,263919,264498,0.21938549327634613,579
engine_load_rdrand_int,182375,182920,0.2988348183687457,545
sa_doall,741166,741708,0.07312801720532243,542
ossl_prov_bio_from_dispatch,306627,307167,0.17610973593323484,540
UI_method_set_reader,170669,171207,0.31523006521395214,538
__sflags,448995,449498,0.11202797358545195,503
BIO_meth_set_create,199956,200456,0.2500550121026626,500
aria_256_ecb_get_params,249040,249539,0.20036941856729842,499
dyld4::DyldCacheDataConstLazyScopedWriter::DyldCacheDataConstLazyScopedWriter(dyld4::RuntimeState&),724126,724622,0.06849636665442202,496
aria_192_ccm_get_params,249747,250213,0.18658882789382855,466
ossl_bio_core_globals_new,225296,225749,0.20106881613521768,453
ossl_self_test_set_callback_new,268202,268626,0.15808979798808362,424
dyld4::RuntimeState::notifyObjCPatching(),341748,342169,0.12319018692135725,421
lh_FUNCTION_free,133499,133916,0.31236189035123857,417
EVP_des_ede3_cfb1,148166,148582,0.2807661676767949,416
pthread_mutex_init,1288223,1288638,0.032214919311330414,415
EVP_camellia_128_ofb,164002,164414,0.25121644857989534,412
EVP_rc2_40_cbc,135584,135962,0.27879395798914325,378
camellia_cts_128_cbc_get_params,293958,294335,0.12824961389041972,377
EVP_aes_256_ocb,135752,136127,0.2762390241027756,375
aes_v8_ctr32_encrypt_blocks,230208,230581,0.16202738393105368,373
ossl_prov_ctx_set0_libctx,201038,201374,0.16713258189993932,336
UI_OpenSSL,102294,102629,0.3274874381684165,335
EVP_aria_128_ctr,143376,143709,0.23225644459323735,333
aes_128_cfb8_get_params,237788,238089,0.1265833431459956,301
EVP_aes_256_ctr,129373,129667,0.22724988985336972,294
OSSL_STORE_register_loader,180668,180959,0.16106892200057565,291
tdes_ede2_ofb_get_params,242126,242415,0.11935934183028671,289
dyld4::JustInTimeLoader::path() const,917928,918207,0.030394540748293983,279
EVP_sm4_ecb,120625,120877,0.20891191709844562,252
EVP_aes_192_ctr,140037,140249,0.15138856159443576,212
EVP_aria_256_ofb,137831,138040,0.15163497326435998,209
EVP_aes_128_cfb128,156251,156419,0.107519311876404,168
ossl_aes_256_gcm_siv_get_params,282915,283080,0.05832140395525157,165
store_loader_cmp,179209,179372,0.09095525336339136,163
EVP_rc2_ecb,129080,129209,0.09993802293151535,129
EVP_aes_128_ofb,136207,136336,0.09470878882876797,129
aes_256_siv_get_params,230581,230708,0.055078258833121556,127
EVP_aes_128_wrap,146376,146499,0.08403016888014428,123
sm4_128_ofb128_get_params,239582,239703,0.05050462889532603,121
EVP_add_alg_module,174038,174126,0.050563670003102766,88
__cxa_finalize,157789,157877,0.05577068109944293,88
aes_128_gcm_get_params,239043,239124,0.03388511690365332,81
opt_arg,300282,300350,0.022645380009457778,68
EVP_aes_128_cfb8,150002,150044,0.027999626671644375,42
EVP_camellia_192_ecb,176000,176042,0.023863636363636365,42
tdes_ede3_cfb8_get_params,244672,244672,0.0,0
aria_256_ccm_get_params,252165,252164,-0.0003965657406856622,-1
EVP_CipherFinal_ex,194917,194912,-0.002565194416084795,-5
strlen,461040,461004,-0.007808433107756377,-36
opt_unknown,112543,112502,-0.03643051989017531,-41
DSO_free,731787,731712,-0.010248883896543666,-75
EVP_bf_ecb,122833,122752,-0.06594319116198416,-81
EVP_blake2s256,125415,125333,-0.06538292867679305,-82
EVP_chacha20,126958,126875,-0.06537595110193922,-83
ossl_init_thread_deregister,266837,266751,-0.03222941346215105,-86
opt_next,128536,128417,-0.09258106678284683,-119
aes_128_wrap_get_params,250332,250208,-0.0495342185577553,-124
cipher_ocb_gettable_ctx_params,676085,675959,-0.018636709881154,-126
sigaction,91463,91335,-0.13994730109443163,-128
aes_192_cbc_get_params,226209,226043,-0.07338346396474058,-166
engine_pkey_meths_free,242128,241959,-0.06979779290292738,-169
aes_v8_set_encrypt_key,213501,213291,-0.09836019503421531,-210
dyld4::RuntimeState::doSingletonPatching(dyld4::DyldCacheDataConstLazyScopedWriter&),616624,616412,-0.034380757155089654,-212
EVP_aes_192_ecb,135204,134964,-0.17750954113783618,-240
ossl_method_lock_store,217038,216795,-0.1119619605783319,-243
ossl_property_match_count,254290,254005,-0.1120767627511896,-285
EVP_rc4_40,101542,101253,-0.28461129384885075,-289
camellia_cts_256_cbc_get_params,283956,283665,-0.10248066601867895,-291
ENGINE_set_name,138995,138703,-0.21007949926256342,-292
EVP_rc4_hmac_md5,143873,143541,-0.23075907223732042,-332
aria_192_cfb_get_params,239669,239333,-0.14019334999520172,-336
property_free,1031246,1030879,-0.035588016826247085,-367
ossl_prov_ctx_new,184791,184422,-0.19968504959657127,-369
EVP_aria_128_ccm,151875,151500,-0.24691358024691357,-375
EVP_aes_192_ccm,130127,129751,-0.28894848878403406,-376
EVP_aria_192_ecb,144165,143788,-0.26150591336316026,-377
aria_128_cfb_get_params,234918,234540,-0.1609072101754655,-378
EVP_sha3_384,118918,118539,-0.31870700819051784,-379
EVP_aria_128_ofb,141167,140752,-0.2939780543611467,-415
aria_192_ecb_get_params,232706,232253,-0.19466623121019655,-453
EVP_camellia_192_cfb128,187210,186748,-0.24678168901233907,-462
EVP_seed_ecb,128547,128084,-0.3601795452247038,-463
OSSL_STORE_LOADER_set_error,238500,238008,-0.20628930817610064,-492
tdes_ede3_cfb_get_params,238204,237710,-0.2073852664103038,-494
CONF_imodule_get_value,220668,220171,-0.22522522522522523,-497
ENGINE_register_EC,383583,383083,-0.13034988516175117,-500
camellia_cts_192_cbc_get_params,267673,267168,-0.18866303287967034,-505
DSO_METHOD_openssl,485880,485367,-0.10558162509261547,-513
EVP_des_ofb,107877,107341,-0.4968621670977131,-536
EVP_camellia_256_cfb8,168622,168085,-0.3184637828990286,-537
NCONF_get0_libctx,197873,197335,-0.2718915668130569,-538
ENGINE_set_flags,174628,174085,-0.31094669812401216,-543
aria_128_ctr_get_params,239710,239165,-0.22735805765299738,-545
EVP_des_ede_ofb,131873,131296,-0.4375421807344945,-577
EVP_sha384,109458,108877,-0.5307972007528002,-581
EVP_sm4_ctr,111751,111169,-0.5208007087184903,-582
EVP_aes_192_cfb1,137496,136876,-0.45092220864606974,-620
EVP_cast5_ofb,116331,115709,-0.5346812113710018,-622
aes_128_ofb_get_params,221624,221002,-0.28065552467241817,-622
aes_cts_192_cbc_get_params,238915,238293,-0.2603436368582969,-622
chacha20_gettable_ctx_params,224834,224211,-0.2770933221843671,-623
ENGINE_get_cipher_engine,259917,259294,-0.23969190164552528,-623
EVP_camellia_256_cfb1,168459,167834,-0.37101015677405186,-625
ossl_bio_core_globals_free,230872,230247,-0.2707127759104612,-625
camellia_192_cfb8_get_params,259750,259124,-0.2410009624639076,-626
_kernelrpc_mach_port_destruct_trap,868166,867539,-0.07222121115086286,-627
aes_192_siv_get_params,229878,229247,-0.27449342694820733,-631
EVP_des_cbc,112916,112252,-0.5880477523114528,-664
aes_192_wrap_get_params,236164,235494,-0.28370115682322455,-670
EVP_des_ede3_cfb8,145420,144748,-0.4621097510658781,-672
EVP_aria_192_cfb128,153410,152707,-0.4582491363014145,-703
aes_192_cfb8_get_params,235622,234918,-0.2987836449907055,-704
EVP_camellia_192_cfb8,169541,168835,-0.41641844745518786,-706
EVP_md5,90708,90001,-0.7794240860784054,-707
ossl_rand_cleanup_int,235084,234376,-0.3011689438668731,-708
EVP_aes_128_cbc,131748,131003,-0.5654734796733157,-745
EVP_aria_128_cfb8,150290,149544,-0.4963736775567237,-746
property_cmp,152207,151459,-0.49143600491436,-748
OSSL_PARAM_modified,168500,167752,-0.4439169139465875,-748
EVP_sha3_224,117585,116832,-0.640387804566909,-753
sm4_128_gcm_get_params,236170,235415,-0.31968497268916457,-755
OSSL_LIB_CTX_get_data,162753,161996,-0.4651219946790536,-757
EVP_aes_256_cbc,130539,129755,-0.6005867978152123,-784
getrlimit,156869,156083,-0.5010550204310603,-786
aria_128_cbc_get_params,236833,236040,-0.3348350947714212,-793
UI_method_set_closer,166288,165494,-0.4774848455691331,-794
EVP_camellia_128_cbc,165086,164286,-0.4845959075875604,-800
bio_sock_cleanup_int,170455,169624,-0.4875186999501334,-831
BIO_meth_set_gets,192791,191959,-0.4315554149311949,-832
EVP_aria_256_gcm,136289,135456,-0.6112011974554072,-833
sm4_128_cbc_get_params,224709,223875,-0.3711466830434028,-834
aria_192_ofb_get_params,230582,229709,-0.37860717662263316,-873
ossl_prov_ctx_set0_handle,188287,187413,-0.46418499418441,-874
aes_192_cfb1_get_params,229584,228708,-0.38155969057077144,-876
ossl_indicator_set_callback_free,260082,259206,-0.33681685007036244,-876
EVP_sm4_cbc,109037,108126,-0.8354962077093097,-911
tdes_ede3_cbc_get_params,230329,229415,-0.3968236739620283,-914
ossl_ctx_global_properties_new,238584,237669,-0.38351272507795997,-915
ossl_cipher_generic_set_ctx_params,502963,502044,-0.18271721776750974,-919
EVP_aes_256_wrap_pad,163793,162874,-0.561074038573077,-919
release_engine,128587,127667,-0.7154689043215877,-920
EVP_sm4_ofb,112211,111288,-0.8225575032750799,-923
mach_msg2_trap,1500665,1499712,-0.06350517937047909,-953
EVP_aria_256_ccm,138912,137956,-0.6882054826076941,-956
EVP_des_cfb8,115585,114628,-0.8279621058095774,-957
core_get_libctx,195502,194545,-0.4895090587308569,-957
UI_method_set_prompt_constructor,237374,236416,-0.40358253220656015,-958
EVP_aria_128_ecb,137961,137001,-0.6958488268423685,-960
camellia_256_cfb8_get_params,264503,263543,-0.36294484372578006,-960
EVP_cast5_cbc,127044,126082,-0.7572179717263311,-962
OPENSSL_cpuid_setup,235377,234414,-0.4091308836462356,-963
EVP_aes_256_cfb1,136253,135288,-0.7082412864303905,-965
EVP_des_ede3_cbc,145495,144500,-0.683872298017114,-995
EVP_aes_128_gcm,151373,150376,-0.6586379341097818,-997
EVP_seed_cbc,113459,112461,-0.8796128998140298,-998
EVP_rc2_cbc,109834,108836,-0.9086439536027096,-998
EVP_camellia_256_ecb,171540,170541,-0.5823714585519413,-999
opt_check_rest_arg,198918,197918,-0.5027197136508511,-1000
EVP_aes_256_cbc_hmac_sha1,228500,227499,-0.43807439824945293,-1001
OSSL_LIB_CTX_free,205872,204835,-0.5037110437553431,-1037
openssl_fopen,399792,398754,-0.25963501020530677,-1038
EVP_camellia_128_ecb,190501,189459,-0.5469787560170288,-1042
EVP_seed_ofb,117210,116167,-0.8898558143503115,-1043
EVP_sha512_256,123336,122293,-0.8456573911915418,-1043
aria_192_cbc_get_params,230333,229289,-0.45325680644979227,-1044
EVP_aes_192_ofb,137043,135999,-0.7618046890392066,-1044
UI_method_set_opener,180753,179708,-0.5781370157065167,-1045
EVP_des_ede3_wrap,148377,147294,-0.729897490851008,-1083
aes_256_ccm_get_params,232921,231835,-0.46625250621455344,-1086
aes_192_cfb_get_params,222338,221246,-0.4911441139166494,-1092
ENGINE_register_DH,389586,388464,-0.28799802867659513,-1122
query_hash,146581,145457,-0.7668115240037932,-1124
EVP_desx_cbc,133215,132087,-0.8467514919491048,-1128
EVP_camellia_128_cfb1,172542,171413,-0.6543334376557592,-1129
EVP_rc4,110162,109003,-1.0520869265263884,-1159
EVP_CipherInit_ex,368872,367710,-0.31501442234704724,-1162
engine_free_util,565626,564463,-0.20561289615399575,-1163
EVP_add_cipher,639918,638754,-0.18189830572042043,-1164
EVP_whirlpool,140044,138879,-0.8318814087001228,-1165
BIO_meth_set_ctrl,187088,185922,-0.6232361241768579,-1166
EVP_aria_192_ofb,138334,137167,-0.8436103922390735,-1167
tiny_free_list_add_ptr,3462607,3461409,-0.034598208806254936,-1198
EVP_aria_128_cbc,142456,141252,-0.8451732464761049,-1204
ENGINE_add_conf_module,208458,207253,-0.5780540924310893,-1205
ossl_property_free,474162,472957,-0.2541325538529026,-1205
OSSL_PARAM_get_int,269128,267922,-0.44811390862340594,-1206
sm4_128_cfb128_get_params,235875,234667,-0.5121356650768415,-1208
aes_128_cfb1_get_params,231913,230704,-0.5213161832238813,-1209
COMP_get_type,132879,131669,-0.910602879311253,-1210
EVP_aria_192_gcm,137833,136620,-0.8800504958899539,-1213
EVP_aria_192_ctr,137794,136581,-0.8802995776303758,-1213
camellia_192_cbc_get_params,258377,257163,-0.4698560630396668,-1214
ossl_config_add_ssl_module,216502,215286,-0.5616576290288311,-1216
sm4_128_xts_get_params,237248,236001,-0.5256103318046939,-1247
aes_192_ecb_get_params,223709,222461,-0.5578675869097801,-1248
ossl_provider_add_conf_module,241084,239835,-0.5180766869638799,-1249
"dyld4::handleFromLoader(dyld4::Loader const*, bool)",366332,365083,-0.3409475557690838,-1249
EVP_aria_256_cfb1,142293,141044,-0.877766299115206,-1249
ossl_random_add_conf_module,233501,232251,-0.5353296131494083,-1250
aria_256_cfb8_get_params,241915,240663,-0.5175371514788252,-1252
EVP_rc2_64_cbc,128458,127204,-0.9761945538619627,-1254
EVP_idea_ecb,130170,128915,-0.9641238380579243,-1255
camellia_192_cfb1_get_params,257873,256585,-0.4994706696707294,-1288
camellia_128_ofb_get_params,263457,262166,-0.4900230398129486,-1291
EVP_rc2_cfb64,127875,126584,-1.0095796676441837,-1291
NCONF_default,145417,144125,-0.8884793387293095,-1292
ENGINE_set_init_function,228423,227123,-0.5691195720220819,-1300
aes_128_ecb_get_params,229504,228202,-0.5673103736754044,-1302
EVP_aria_256_cfb8,148330,147002,-0.8953010180004045,-1328
BIO_clear_flags,703620,702290,-0.18902248372701175,-1330
BIO_meth_set_puts,191461,190128,-0.6962253409310513,-1333
medium_region_for_ptr_no_lock,270583,269250,-0.492639966295,-1333
BIO_set_init,451251,449916,-0.29584421973580116,-1335
EVP_des_ede3_ofb,142376,141041,-0.9376580322526269,-1335
BIO_f_cipher,144876,143540,-0.922167922913388,-1336
pthread_mutex_destroy,897654,896295,-0.15139463534947764,-1359
EVP_camellia_128_cfb128,187538,186167,-0.7310518401603942,-1371
tdes_ede2_ecb_get_params,234460,233084,-0.5868804913418066,-1376
EVP_aes_128_ocb,152958,151579,-0.9015546751395808,-1379
ENGINE_load_builtin_engines,248582,247171,-0.5676195380196475,-1411
EVP_ripemd160,122124,120712,-1.156201893157774,-1412
camellia_256_cbc_get_params,254664,253250,-0.5552414161404832,-1414
OBJ_obj2txt,147750,146334,-0.9583756345177665,-1416
aria_128_ofb_get_params,231748,230329,-0.6123030187962788,-1419
aes_192_ccm_get_params,236543,235123,-0.6003136850382382,-1420
camellia_256_cfb1_get_params,258293,256871,-0.5505375678009082,-1422
aes_128_ctr_get_params,228501,227078,-0.6227543861952464,-1423
fstat,664077,662620,-0.21940226811047514,-1457
EVP_camellia_256_cbc,163916,162458,-0.8894799775494766,-1458
EVP_sha3_256,131912,130454,-1.1052823094184,-1458
UI_method_set_writer,161545,160083,-0.9050109876504999,-1462
OSSL_trace_set_channel,236207,234711,-0.6333427883170271,-1496
aes_256_ecb_get_params,246042,244542,-0.6096520106323311,-1500
aria_128_ccm_get_params,244419,242917,-0.6145185112450342,-1502
OSSL_STORE_LOADER_set_close,239378,237876,-0.6274594992020988,-1502
aes_256_ocb_get_params,248378,246871,-0.6067365064538728,-1507
aes_256_gcm_get_params,237787,236248,-0.647217888278165,-1539
EVP_aes_128_ctr,132583,131043,-1.1615365469177799,-1540
sm4_128_ecb_get_params,243122,241582,-0.6334268392000724,-1540
EVP_aes_192_wrap,144749,143209,-1.0639106315069533,-1540
EVP_aria_192_cbc,138290,136750,-1.113601851182298,-1540
EVP_aria_128_cfb1,158040,156498,-0.9757023538344723,-1542
EVP_aes_256_cfb8,138958,137414,-1.1111271031534709,-1544
EVP_aes_192_gcm,132168,130622,-1.1697233823618425,-1546
OSSL_STORE_unregister_loader,221621,220043,-0.7120263873910866,-1578
EVP_aria_256_cbc,136458,134878,-1.1578654237934016,-1580
camellia_128_cfb_get_params,251207,249625,-0.6297595210324554,-1582
ENGINE_set_finish_function,233622,232039,-0.6775902954345053,-1583
BIO_free,240464,238877,-0.6599740501696719,-1587
OPENSSL_sk_pop,391961,390372,-0.405397475769273,-1589
EVP_aria_256_ecb,137290,135665,-1.183625901376648,-1625
tdes_ede3_cfb1_get_params,251208,249581,-0.6476704563548932,-1627
def_to_int,141036,139376,-1.1770044527638333,-1660
camellia_128_ctr_get_params,254873,253212,-0.6516971197419891,-1661
EVP_aes_128_cbc_hmac_sha256,249460,247793,-0.6682434057564339,-1667
EVP_idea_cbc,115126,113457,-1.449715963379254,-1669
pd_free,91129,89459,-1.8325670203777062,-1670
Diagnostics::clearError(),253749,252045,-0.6715297400186799,-1704
engine_pkey_asn1_meths_free,270878,269161,-0.6338646918538973,-1717
dyld4::RuntimeState::incDlRefCount(dyld4::Loader const*),454625,452870,-0.3860324443222436,-1755
ossl_property_name,1368082,1366322,-0.1286472594478986,-1760
EVP_aes_128_wrap_pad,167745,165960,-1.0641151748189215,-1785
aes_256_wrapinv_get_params,252415,250626,-0.7087534417526692,-1789
EVP_seed_cfb128,143043,141252,-1.2520710555567207,-1791
UI_null,112165,110337,-1.6297418980965543,-1828
camellia_192_cfb_get_params,255789,253958,-0.7158243708681765,-1831
aria_128_gcm_get_params,239705,237873,-0.7642727519242402,-1832
OSSL_STORE_LOADER_set_load,241830,239997,-0.7579704751271554,-1833
EVP_sha512_224,126709,124874,-1.4482002067729995,-1835
EVP_sha1,103958,102123,-1.7651359202754957,-1835
app_get0_propq,124793,122957,-1.4712363674244548,-1836
def_init_default,156378,154541,-1.1747176712836844,-1837
aes_cts_256_cbc_get_params,251083,249210,-0.7459684646113038,-1873
EVP_bf_ofb,106708,104831,-1.7590058852194774,-1877
EVP_aes_256_ecb,142462,140581,-1.3203520938917044,-1881
EVP_camellia_192_ctr,161414,159500,-1.185770750988142,-1914
ossl_prov_ctx_get0_core_bio_method,281208,279292,-0.681346192142471,-1916
EVP_sha224,103543,101624,-1.853336295065818,-1919
camellia_128_cfb8_get_params,259088,257163,-0.7429907984931761,-1925
aes_256_ctr_get_params,222497,220543,-0.878214088279842,-1954
tdes_ede3_ofb_get_params,243667,241709,-0.8035556722904619,-1958
EVP_CIPHER_CTX_get_block_size,284460,282498,-0.6897279055051677,-1962
BIO_meth_set_write_ex,226542,224578,-0.8669474093104149,-1964
sm4_128_ctr_get_params,229084,227118,-0.8582004854114648,-1966
OSSL_CMP_log_close,223333,221336,-0.8941804390752822,-1997
ERR_get_error_all,198081,196083,-1.0086782679812805,-1998
_kernelrpc_mach_port_deallocate_trap,371378,369378,-0.5385348620542951,-2000
aria_192_gcm_get_params,239706,237705,-0.8347725964306276,-2001
OSSL_PARAM_get_int32,332503,330498,-0.6030020781767382,-2005
ossl_prov_is_running,839666,837633,-0.24212008107985794,-2033
camellia_192_ecb_get_params,256497,254458,-0.7949410714355334,-2039
aes_128_ccm_get_params,236751,234707,-0.8633543258529003,-2044
BIO_get_data,746905,744836,-0.27700979374887036,-2069
aria_128_ecb_get_params,233908,231838,-0.8849633189117089,-2070
EVP_camellia_192_cfb1,169751,167671,-1.225324151256841,-2080
BIO_set_data,307078,304996,-0.6780036342557917,-2082
EVP_bf_cfb64,124461,122378,-1.6736166349298174,-2083
ENGINE_set_cmd_defns,200371,198249,-1.0590354891675942,-2122
EVP_aes_128_cbc_hmac_sha1,251459,249331,-0.8462612195228645,-2128
EVP_camellia_256_ofb,159919,157789,-1.3319242866701269,-2130
EVP_des_ede_cfb64,158582,156418,-1.3645937117705667,-2164
tdes_ede2_cbc_get_params,231794,229625,-0.9357446698361477,-2169
aes_128_xts_get_params,226963,224789,-0.9578653789384172,-2174
aria_256_cbc_get_params,234957,232750,-0.93932081189324,-2207
EVP_aes_256_wrap,138747,136499,-1.6202152118604367,-2248
ENGINE_register_ciphers,463460,461197,-0.4882837785353644,-2263
EVP_aes_192_wrap_pad,162248,159955,-1.4132685765001727,-2293
pthread_cond_destroy,237284,234961,-0.9789956339239057,-2323
EVP_CIPHER_get_mode,318670,316334,-0.7330467254526627,-2336
ossl_prov_ctx_free,176379,174041,-1.3255546295193872,-2338
def_is_number,240543,238204,-0.9723833160807007,-2339
aria_192_ctr_get_params,229618,227251,-1.03084252976683,-2367
medium_malloc_from_free_list,306166,303792,-0.7753963536120928,-2374
ENGINE_register_digests,456579,454202,-0.5206108909958627,-2377
null_gettable_ctx_params,213539,211122,-1.1318775493001278,-2417
EVP_aria_128_gcm,159042,156621,-1.522239408458143,-2421
EVP_mdc2,108751,106296,-2.257450506202242,-2455
app_RAND_write,181539,179084,-1.3523264973366604,-2455
EVP_aes_256_xts,133996,131541,-1.8321442431117347,-2455
EVP_aes_128_ecb,163750,161288,-1.5035114503816793,-2462
ASN1_add_stable_module,189128,186666,-1.3017638847764477,-2462
aes_128_wrappadinv_get_params,266879,264415,-0.9232648503628985,-2464
ENGINE_set_id,143289,140792,-1.742632023393282,-2497
camellia_192_ofb_get_params,259292,256793,-0.9637782885704148,-2499
aria_256_gcm_get_params,254539,252004,-0.9959181107806662,-2535
ossl_lib_ctx_is_default,215375,212834,-1.179802669762043,-2541
sm4_128_ccm_get_params,241412,238832,-1.0687124086623696,-2580
aes_192_wrapinv_get_params,249795,247213,-1.03364759102464,-2582
aria_128_cfb8_get_params,235671,233082,-1.098565372913935,-2589
camellia_128_cbc_get_params,257545,254952,-1.0068143431245025,-2593
CRYPTO_atomic_or,524333,521720,-0.49834742425138223,-2613
ossl_provider_unquery_operation,277793,275163,-0.9467481182031225,-2630
aria_192_cfb1_get_params,233624,230921,-1.1569872958257712,-2703
aria_256_ofb_get_params,229086,226379,-1.181652305247811,-2707
ASN1_add_oid_module,191461,188713,-1.4352792474707643,-2748
ossl_prov_ctx_set0_core_bio_method,241584,238835,-1.1379064838731043,-2749
EVP_CIPHER_fetch,202002,199250,-1.3623627488836745,-2752
EVP_camellia_192_ofb,160668,157875,-1.7383673164538052,-2793
aes_256_cfb1_get_params,239251,236454,-1.1690651240747165,-2797
EVP_sha256,232416,229590,-1.2159231722428747,-2826
opt_set_unknown_name,173748,170921,-1.627069088565048,-2827
EVP_md4,113255,110418,-2.504966668138272,-2837
EVP_aria_192_cfb1,143588,140715,-2.000863581914923,-2873
aes_192_ocb_get_params,239459,236586,-1.199787855123424,-2873
camellia_256_cfb_get_params,254456,251582,-1.1294683560222591,-2874
dyld4::APIs::_tlv_exit(),201334,198459,-1.4279754040549535,-2875
OSSL_LIB_CTX_set_conf_diagnostics,292045,289164,-0.9864918077693506,-2881
EVP_camellia_128_ctr,164249,161333,-1.7753532746013674,-2916
aes_256_cfb_get_params,231670,228748,-1.2612768161609187,-2922
EVP_des_ede_cbc,133999,131077,-2.1806132881588667,-2922
tdes_ede3_ecb_get_params,264377,261417,-1.1196132795212896,-2960
tdes_wrap_get_params,234713,231667,-1.2977551307341306,-3046
ENGINE_register_pkey_asn1_meths,552540,549493,-0.551453288449705,-3047
EVP_blake2b512,144916,141834,-2.1267492892434237,-3082
ossl_cipher_generic_reset_ctx,223670,220583,-1.380158268878258,-3087
chacha20_get_params,218747,215627,-1.4263052750437721,-3120
ENGINE_register_RSA,411789,408667,-0.7581552688391385,-3122
aes_192_wrappad_get_params,249336,246213,-1.252526710944268,-3123
ossl_prov_cipher_hw_aes_ctr,245588,242465,-1.2716419369024545,-3123
aes_192_ctr_get_params,223839,220711,-1.3974329763803448,-3128
camellia_192_ctr_get_params,256585,253457,-1.2190891907165267,-3128
aes_256_wrap_get_params,249540,246380,-1.266330047287008,-3160
strrchr,143543,140378,-2.204914206892708,-3165
ossl_aes_128_gcm_siv_get_params,296752,293582,-1.068232059093115,-3170
aes_cts_128_cbc_get_params,244250,241078,-1.2986693961105424,-3172
ossl_lib_ctx_write_lock,192330,189126,-1.6658867571361722,-3204
ossl_self_test_set_callback_free,259166,255960,-1.237044982752367,-3206
EVP_aria_256_cfb128,156083,152833,-2.0822254825957986,-3250
EVP_aria_192_ccm,144169,140834,-2.3132573576843845,-3335
EVP_des_ecb,108371,104996,-3.114301796606103,-3375
camellia_128_cfb1_get_params,262668,259248,-1.3020238475946821,-3420
EVP_aria_256_ctr,136917,133461,-2.524156971011635,-3456
aria_192_cfb8_get_params,235876,232420,-1.465176618223134,-3456
chacha20_poly1305_gettable_ctx_params,279339,275879,-1.2386383569784383,-3460
aes_192_wrappadinv_get_params,267331,263835,-1.3077420875244545,-3496
ossl_store_register_init,245043,241546,-1.4270964687830299,-3497
aes_256_cbc_get_params,228626,225128,-1.530009710181694,-3498
aria_256_cfb_get_params,232622,229040,-1.5398371607156676,-3582
EVP_aria_192_cfb8,148291,144666,-2.444517873640342,-3625
aria_256_ctr_get_params,228959,225295,-1.6002865141793947,-3664
dyld3::MachOFile::is64() const,806864,803161,-0.4589373178131631,-3703
BIO_meth_set_destroy,204751,201038,-1.8134221566683435,-3713
file_ctrl,403126,399411,-0.9215481015861047,-3715
ossl_cipher_capable_aes_cbc_hmac_sha256,641626,637876,-0.5844526250494837,-3750
camellia_256_ofb_get_params,254373,250618,-1.4761786824859557,-3755
dyld4::BumpAllocator::~BumpAllocator(),404247,400418,-0.9471931764490522,-3829
aes_siv_gettable_ctx_params,606703,602873,-0.6312808738377756,-3830
aes_256_wrappadinv_get_params,265831,261958,-1.456940687880646,-3873
ossl_method_unlock_store,209001,205086,-1.87319677896278,-3915
camellia_128_ecb_get_params,251962,248040,-1.5565839293226758,-3922
file_free,845011,841047,-0.4691063193260206,-3964
ossl_prov_ctx_get0_libctx,210205,206211,-1.900049951238077,-3994
BIO_meth_set_read_ex,224294,220294,-1.7833736078539775,-4000
ossl_prov_seeding_from_dispatch,313628,309626,-1.2760340275740685,-4002
EVP_idea_cfb64,141920,137877,-2.8487880496054117,-4043
__smakebuf,175838,171793,-2.300412880037307,-4045
OSSL_STORE_LOADER_free,244956,240835,-1.682342951387188,-4121
OSSL_STORE_LOADER_set_open,253958,249836,-1.6231030327849487,-4122
camellia_256_ecb_get_params,268916,264708,-1.5648009043716253,-4208
ENGINE_register_RAND,414091,409746,-1.0492862679942332,-4345
aes_cbc_cts_gettable_ctx_params,683712,679334,-0.6403280913601048,-4378
ENGINE_register_DSA,413538,409127,-1.0666492559329495,-4411
EVP_sm3,118002,113542,-3.7795969559837967,-4460
dyld4::LibSystemHelpers::os_unfair_recursive_lock_unlock(os_unfair_recursive_lock_s*) const,1941371,1936837,-0.23354629280029424,-4534
ENGINE_register_pkey_meths,490618,485956,-0.9502301179328928,-4662
store_loader_hash,376129,371420,-1.2519640867893727,-4709
getegid,286496,281748,-1.6572657209873787,-4748
aria_128_cfb1_get_params,236041,231289,-2.0132095695239385,-4752
ossl_aes_192_gcm_siv_get_params,290710,285958,-1.634618692167452,-4752
aes_128_wrappad_get_params,250039,245044,-1.997688360615744,-4995
tiny_free_no_lock,156459,151417,-3.222569491048773,-5042
BIO_copy_next_retry,407417,402288,-1.2589067221053614,-5129
CRYPTO_THREAD_lock_free,884337,879201,-0.5807740714229982,-5136
flsl,420047,414829,-1.2422419395924742,-5218
OPENSSL_sk_sort,277457,272082,-1.9372371214278248,-5375
NCONF_get_section,575710,570328,-0.9348456688263187,-5382
"dyld4::JustInTimeLoader::loadDependents(Diagnostics&, dyld4::RuntimeState&, dyld4::Loader::LoadOptions const&)",777001,771576,-0.698197299617375,-5425
ossl_property_value,633042,627544,-0.8685047753545578,-5498
EVP_aes_256_cbc_hmac_sha256,242002,236498,-2.2743613689143065,-5504
ossl_cipher_capable_aes_cbc_hmac_sha1,648757,643131,-0.867196808666419,-5626
ossl_lib_ctx_get_rcukey,562009,556370,-1.003364714799941,-5639
EVP_CIPHER_get_iv_length,214378,208667,-2.663986043344,-5711
aes_128_ocb_get_params,235080,229333,-2.4446996767058025,-5747
ossl_aes_gcm_siv_gettable_ctx_params,779256,773492,-0.7396798998018623,-5764
aes_128_wrapinv_get_params,263790,257917,-2.226392205921377,-5873
os_unfair_recursive_lock_unlock,831336,825338,-0.7214892654714821,-5998
camellia_cbc_cts_gettable_ctx_params,785042,779037,-0.764927226823533,-6005
OSSL_LIB_CTX_get_conf_diagnostics,519580,513249,-1.2184841602833059,-6331
aes_256_ofb_get_params,234589,228249,-2.702599013593988,-6340
__sclose,419413,412867,-1.5607527663663263,-6546
"lsl::EphemeralAllocator::allocate_buffer(unsigned long, unsigned long, unsigned long)",3199173,3192457,-0.20992925359147505,-6716
free_medium,195167,188039,-3.6522567852147136,-7128
app_get0_libctx,294120,286829,-2.478920168638651,-7291
get_tiny_previous_free_msize,2380892,2373410,-0.3142519694299447,-7482
geteuid,309201,301709,-2.4230193304678833,-7492
FMT_istext,932539,924834,-0.8262389026088989,-7705
OPENSSL_sk_pop_free,3553501,3545506,-0.22498938370919272,-7995
"dyld4::Loader::loadDependents(Diagnostics&, dyld4::RuntimeState&, dyld4::Loader::LoadOptions const&)",709333,701335,-1.1275381238431033,-7998
BN_free,24134800,24126782,-0.03322173790543116,-8018
aes_128_cbc_get_params,231916,223706,-3.540074854688766,-8210
EVP_CIPHER_get_type,4556408,4548197,-0.1802077425902158,-8211
dyld4::Loader::path() const,752703,744413,-1.1013640174145711,-8290
small_free_list_find_by_ptr,1319958,1311591,-0.633883805393808,-8367
OPENSSL_cleanse,589094,579696,-1.5953311356082391,-9398
X509_get_default_cert_area,424873,415455,-2.216662390879157,-9418
CRYPTO_atomic_add,759292,749040,-1.350205191151757,-10252
dyld4::LibSystemHelpers::os_unfair_lock_unlock(os_unfair_lock_s*) const,2080701,2070286,-0.500552458041785,-10415
close,243416,232919,-4.312370591908502,-10497
pthread_self,205922,195416,-5.101931799419197,-10506
os_unfair_lock_unlock,6433379,6422665,-0.1665376779449804,-10714
"invocation function for block in dyld4::Loader::forEachPath(Diagnostics&, dyld4::RuntimeState&, char const*, dyld4::Loader::Loa",902542,891709,-1.2002765522269323,-10833
Diagnostics::hasError() const,2051919,2040887,-0.5376430551108499,-11032
dyld4::Loader::loadAddress(dyld4::RuntimeState&) const,1289504,1277920,-0.8983299004888701,-11584
"dyld3::kdebug_trace_dyld_duration_end(unsigned long long, unsigned int, dyld3::kt_arg, dyld3::kt_arg, dyld3::kt_arg)",4102501,4090463,-0.2934307633319285,-12038
kdebug_is_enabled,962333,949534,-1.3299969968815368,-12799
"dyld4::LibSystemHelpers::os_unfair_lock_lock_with_options(os_unfair_lock_s*, os_unfair_lock_options_t) const",3012588,2999335,-0.43992075916122614,-13253
ossl_tdes_gettable_ctx_params,2321493,2308135,-0.5754055687439075,-13358
"dyld3::OverflowSafeArray<unsigned int, 4294967295ul>::verifySpace(unsigned long)",4635872,4622373,-0.29118577907241616,-13499
small_size,1119082,1104958,-1.2621059046611418,-14124
ossl_rcu_write_unlock,2285861,2271685,-0.6201601934675818,-14176
os_unfair_lock_assert_owner,3779173,3764919,-0.3771724660395277,-14254
"dyld3::MachOFile::read_uleb128(Diagnostics&, unsigned char const*&, unsigned char const*)",2550203,2535744,-0.5669744722282892,-14459
OPENSSL_sk_free,2000882,1986129,-0.7373248397456722,-14753
pthread_rwlock_destroy,6107607,6092497,-0.24739640255176865,-15110
ossl_rcu_write_lock,2129667,2113906,-0.740068752532673,-15761
_tiny_check_and_zero_inline_meta_from_freelist,2735794,2719970,-0.5784061226832138,-15824
"dyld4::ProcessConfig::DyldCache::indexOfPath(char const*, unsigned int&) const",1178130,1162251,-1.3478139084820862,-15879
getgid,315661,299547,-5.104843487158693,-16114
_Block_object_dispose,10684381,10668113,-0.15225963956171162,-16268
CRYPTO_new_ex_data,1765365,1749008,-0.9265506000175601,-16357
pthread_cond_broadcast,2790636,2774088,-0.5929831049266189,-16548
_kernelrpc_mach_vm_deallocate_trap,800076,783417,-2.0821771931666495,-16659
dyld4::Loader::matchesPath(char const*) const,1082919,1066165,-1.5471147888253876,-16754
pthread_setspecific,2353452,2335993,-0.7418464451367608,-17459
"invocation function for block in dyld3::MachOFile::getDylibInstallName(char const**, unsigned int*, unsigned int*) const",4132703,4114912,-0.43049306954794475,-17791
_pthread_mutex_check_init_slow,1670585,1652583,-1.0775865939176996,-18002
"dyld4::LibSystemHelpers::os_unfair_recursive_lock_lock_with_options(os_unfair_recursive_lock_s*, os_unfair_lock_options_t) cons",2660577,2642260,-0.6884596837452929,-18317
szone_malloc,2761285,2742546,-0.6786333174590815,-18739
os_unfair_lock_lock_with_options,8649409,8630406,-0.2197028721846776,-19003
__findenv_locked,1362375,1342870,-1.4316909808239286,-19505
pthread_rwlock_init,5800230,5779835,-0.35162398732464056,-20395
szone_try_free_default,3870949,3850248,-0.5347784225521959,-20701
Diagnostics::assertNoError() const,5482622,5461781,-0.38012834005335405,-20841
OPENSSL_strnlen,1391993,1370985,-1.509202991681711,-21008
dyld3::ScopedTimer::endTimer(),1357205,1335706,-1.584064308634289,-21499
"dyld4::Loader::contains(dyld4::RuntimeState&, void const*, void const**, unsigned long long*, unsigned char*) const",4809071,4787420,-0.450211693693023,-21651
BIO_new,944573,922877,-2.2969108793073696,-21696
get_legacy_evp_names,8039205,8016125,-0.287093064550537,-23080
EVP_PKEY_asn1_get0,2153498,2129680,-1.1060144936285057,-23818
"dyld4::RuntimeState::PermanentRanges::contains(unsigned long, unsigned long, unsigned char*, dyld4::Loader const**) const",2558505,2532465,-1.017781868708484,-26040
getuid,343372,315627,-8.08015796279254,-27745
file_new,850911,821204,-3.4911994321380266,-29707
pthread_cond_signal,5196748,5165593,-0.5995095394273495,-31155
rack_get_thread_index,4176940,4145246,-0.758785139360393,-31694
__open,1582872,1550996,-2.0138078126342496,-31876
free_small,413252,380876,-7.834444842372208,-32376
"invocation function for block in dyld4::JustInTimeLoader::contains(dyld4::RuntimeState&, void const*, void const**, unsigned lo",14823621,14790101,-0.22612558699389307,-33520
ossl_cipher_aead_gettable_ctx_params,3571547,3537676,-0.9483565524967192,-33871
ossl_sa_set,12483372,12449305,-0.27289902119395304,-34067
_szone_free,3501997,3467901,-0.9736159111501238,-34096
realloc,3097199,3062773,-1.1115204415344315,-34426
szone_good_size,1936464,1901381,-1.8117042196498359,-35083
Diagnostics::~Diagnostics(),7091013,7055407,-0.5021285393215328,-35606
set_tiny_meta_header_in_use,3217541,3181163,-1.1306149634146077,-36378
tiny_size,2965867,2928016,-1.2762204104229893,-37851
OPENSSL_LH_flush,16620797,16581137,-0.23861671615386434,-39660
evp_cipher_up_ref,22809337,22767772,-0.18222800601350228,-41565
Diagnostics::Diagnostics(bool),7408223,7365757,-0.5732278847437502,-42466
nanov2_size,5682316,5634739,-0.837281840714244,-47577
EVP_PKEY_asn1_get0_info,2763555,2715803,-1.7279192923607454,-47752
_kernelrpc_mach_vm_map_trap,1773251,1718714,-3.075537529655982,-54537
OPENSSL_LH_doall,16613795,16556968,-0.3420470759390013,-56827
OPENSSL_hexchar2int,11798991,11741971,-0.4832616619505854,-57020
EVP_MD_get_type,9816342,9753613,-0.6390262278962978,-62729
internal_free_nop,42713600,42649431,-0.15023083982619118,-64169
nanov2_pointer_size,9773582,9704103,-0.7108857325799283,-69479
small_malloc_from_free_list,2446324,2370874,-3.0842194247368706,-75450
ossl_ctype_check,8534482,8458852,-0.8861697757403437,-75630
"invocation function for block in dyld3::MachOLoaded::findClosestSymbol(unsigned long long, char const**, unsigned long long*) c",20072538,19993087,-0.39581940260867854,-79451
do_all_fn,29393326,29307189,-0.29304951743126995,-86137
trim_ws,13859210,13772482,-0.6257788142325572,-86728
__close_nocancel,3568751,3480237,-2.4802514941501945,-88514
deflt_query,887163,788208,-11.154094568867277,-98955
OSSL_PARAM_construct_end,27570924,27470172,-0.3654284491879924,-100752
property_defn_cmp,22115645,22014371,-0.45792921707687023,-101274
nanov2_allocate_from_block,11795502,11693797,-0.8622354521240385,-101705
ossl_provider_up_ref,24684225,24582007,-0.41410252904435935,-102218
EVP_CIPHER_get0_provider,28139339,28035799,-0.36795462750564256,-103540
names_free,15805627,15700884,-0.6626943682778292,-104743
lsl::Lock::lock(),492541,387669,-21.292034571741237,-104872
EVP_CIPHER_get_nid,18386334,18280657,-0.5747584048021753,-105677
free,10348691,10242636,-1.024815602282453,-106055
OSSL_PARAM_set_uint32,25216981,25109912,-0.424590873903581,-107069
conf_value_cmp,18936300,18828524,-0.5691502563858832,-107776
ASN1_OBJECT_free,25441819,25333525,-0.42565352736767764,-108294
evp_cipher_free,28906989,28798422,-0.37557353344549305,-108567
property_defn_hash,23363590,23252555,-0.4752480248112555,-111035
OSSL_PARAM_set_uint,17144640,17029426,-0.6720117774418127,-115214
ossl_lib_ctx_unlock,19047810,18930316,-0.6168373162059051,-117494
OBJ_get0_data,16596595,16476235,-0.7252089961826507,-120360
sa_free_node,27394684,27274240,-0.43966194317116414,-120444
OSSL_PARAM_locate_const,20038925,19917712,-0.6048877372413939,-121213
ossl_provider_ctx,17248704,17123994,-0.7230108418580318,-124710
BUF_MEM_new,15275998,15151129,-0.8174195885597785,-124869
ossl_lib_ctx_read_lock,21324678,21192474,-0.6199577784949437,-132204
_os_once,59850900,59717844,-0.222312446429377,-133056
function_hash,24058235,23911019,-0.6119152132315608,-147216
ossl_cipher_generic_gettable_ctx_params,22464028,22313273,-0.6710951393044916,-150755
OSSL_PARAM_construct_uint,28523385,28365672,-0.5529252576438596,-157713
eat_alpha_numeric,25656085,25497713,-0.6172882573471362,-158372
"invocation function for block in dyld3::MachOFile::forEachSegment(void (dyld3::MachOFile::SegmentInfo const&, bool&) block_poin",55745726,55585066,-0.28820146678150715,-160660
OPENSSL_LH_set_thunks,21656919,21490449,-0.7686688951461655,-166470
"invocation function for block in dyld3::MachOLoaded::getLinkEditLoadCommands(Diagnostics&, dyld3::MachOLoaded::LinkEditInfo&) c",41837180,41659320,-0.42512425550670485,-177860
value_free_hash,23813094,23630477,-0.7668764084163108,-182617
ossl_sa_get,25825507,25640873,-0.7149288492187201,-184634
name_string_free,44681248,44489601,-0.428920427647858,-191647
__read_nocancel,2054207,1859160,-9.495002207664562,-195047
CRYPTO_realloc,24580714,24384976,-0.7963072187406762,-195738
names_lh_free_doall,76244795,76023675,-0.29001323959228953,-221120
obj_name_cmp,125250397,125015844,-0.18726727069775276,-234553
pthread_getspecific,57945780,57704916,-0.4156713396557955,-240864
strncmp,13902515,13660229,-1.7427494233956948,-242286
ossl_provider_libctx,40314885,40056317,-0.6413710469470519,-258568
sk_reserve,58274901,58008200,-0.4576601511515223,-266701
OPENSSL_LH_error,46439210,46165659,-0.5890517948087403,-273551
_nanov2_free,94527021,94242723,-0.30075844662448425,-284298
EVP_CIPHER_free,31877325,31580437,-0.9313453999041639,-296888
CRYPTO_THREAD_get_local,64501846,64177333,-0.5031065312456329,-324513
_platform_strncmp,43727047,43391568,-0.7672116527786567,-335479
ossl_rcu_assign_uptr,71091828,70753572,-0.4758015225041055,-338256
OSSL_PARAM_set_uint64,75992187,75639907,-0.4635739724137693,-352280
ossl_lib_ctx_get_data,80550789,80195590,-0.4409627818791446,-355199
OBJ_nid2obj,159138058,158767168,-0.23306178588656648,-370890
OSSL_PARAM_set_size_t,56443530,56054784,-0.6887343863858266,-388746
pthread_mutex_lock,87044447,86653439,-0.4492049906411606,-391008
_platform_strchr,86744099,86350722,-0.4534913666000497,-393377
OPENSSL_sk_value,116483105,115983412,-0.4289832418186311,-499693
_platform_memchr,67894416,67394062,-0.7369589864356444,-500354
BUF_MEM_grow,56685458,56179709,-0.892202370491564,-505749
OPENSSL_sk_num,100550137,100033951,-0.5133618067571604,-516186
OSSL_PARAM_construct_size_t,90928627,90395218,-0.5866238362974512,-533409
OSSL_PARAM_set_int,81315397,80774513,-0.6651680001021208,-540884
_platform_memcmp,138109116,137566175,-0.3931246652827754,-542941
ossl_isdigit,200752485,200164842,-0.2927201623431959,-587643
_pthread_mutex_lock_init_slow,99898696,99303306,-0.5959937655242267,-595390
OSSL_PARAM_set_int32,122662821,122058901,-0.49234152213081744,-603920
pthread_mutex_unlock,92306454,91689774,-0.668078962279279,-616680
SortFnByName,171127465,170485646,-0.3750531803880809,-641819
_pthread_mutex_firstfit_lock_slow,111005019,110332155,-0.6061563756860399,-672864
_pthread_mutex_unlock_init_slow,105391464,104713683,-0.6431080604402649,-677781
OSSL_PARAM_construct_int,137941346,137253993,-0.4982936733124237,-687353
OPENSSL_sk_push,99473434,98771640,-0.7055089703648916,-701794
_pthread_mutex_firstfit_unlock_slow,115521633,114770530,-0.650183849115083,-751103
cipher_compare,200981893,200191714,-0.3931592981861306,-790179
fnv1a_hash,222414744,221569222,-0.3801555529969722,-845522
pthread_rwlock_rdlock,166992209,166119612,-0.5225375514375045,-872597
CRYPTO_atomic_load,165356608,164445103,-0.5512359082740739,-911505
OPENSSL_LH_strhash,136284107,135367652,-0.6724591885097798,-916455
ossl_lh_strcasehash,184490054,183470453,-0.5526590609594597,-1019601
pthread_once,154174784,153132682,-0.675922464726787,-1042102
__error,189452057,188204402,-0.6585597537217556,-1247655
pthread_rwlock_wrlock,334799707,333275267,-0.45532895284164626,-1524440
_platform_memmove,326384611,324794069,-0.48732138293125593,-1590542
nanov2_try_free_default,1295861479,1294208534,-0.12755568606573264,-1652945
CRYPTO_free,613810198,612028720,-0.29023271457604555,-1781478
malloc,671442496,669406317,-0.3032544130182669,-2036179
doapr_outch,760155411,758067807,-0.2746285785499723,-2087604
pthread_rwlock_unlock,500401515,498046911,-0.4705429399029697,-2354604
_platform_memset,1274334393,1271722847,-0.20493412202836153,-2611546
err_string_data_cmp,547646282,544175054,-0.6338448947965285,-3471228
err_string_data_hash,834497691,830402309,-0.4907601356083321,-4095382
nanov2_malloc,928976870,924277448,-0.5058707220557601,-4699422
_platform_strlen,1165834589,1160954458,-0.4185954891067312,-4880131
_platform_strcmp,1405003237,1398317652,-0.475841252456844,-6685585
ossl_tolower,3005467907,2998367418,-0.23625236468046573,-7100489
