,64B,16B,% change (16B vs 64B),rel change (16B vs 64B)
OBJ_nid2obj,3151261,3342379,6.064810245803188,191118
__read_nocancel,851832,1023749,20.182031198640107,171917
doapr_outch,14969525,15065063,0.6382166434806715,95538
"invocation function for block in dyld3::MachOFile::forEachSegment(void (dyld3::MachOFile::SegmentInfo const&, bool&) block_poin",1108960,1179125,6.327099264175444,70165
_platform_strlen,23030267,23098346,0.29560664667934594,68079
"invocation function for block in dyld3::MachOLoaded::getLinkEditLoadCommands(Diagnostics&, dyld3::MachOLoaded::LinkEditInfo&) c",825711,888207,7.568749841046079,62496
_platform_memset,25422819,25470847,0.1889168939132989,48028
pthread_rwlock_wrlock,6646209,6691522,0.6817871661875213,45313
SortFnByName,3350396,3387359,1.1032427211589317,36963
"invocation function for block in dyld3::MachOLoaded::findClosestSymbol(unsigned long long, char const**, unsigned long long*) c",397458,423627,6.584091904050239,26169
ossl_isdigit,3960538,3983078,0.5691146000871599,22540
"invocation function for block in dyld4::JustInTimeLoader::contains(dyld4::RuntimeState&, void const*, void const**, unsigned lo",296168,315294,6.4578212365954455,19126
OPENSSL_LH_error,924084,940334,1.758498145190264,16250
get_tiny_previous_free_msize,36001,51375,42.70436932307436,15374
strncmp,276251,290494,5.155818440476233,14243
"invocation function for block in dyld3::MachOFile::getEntry(unsigned long long&, bool&) const",186709,200501,7.386896186043522,13792
tiny_free_list_remove_ptr,27498,41209,49.861808131500474,13711
_Block_object_dispose,210706,223665,6.1502757396562036,12959
_kernelrpc_mach_vm_deallocate_trap,16291,28542,75.20103124424529,12251
OPENSSL_sk_push,1962811,1973610,0.5501803281110611,10799
OPENSSL_sk_num,1998747,2008577,0.49180811778579286,9830
ossl_rcu_assign_uptr,1395256,1405006,0.6987964932600182,9750
__open,26250,35709,36.034285714285716,9459
tiny_free_list_add_ptr,61081,70210,14.945727804063457,9129
Diagnostics::Diagnostics(bool),146585,155498,6.080431149162601,8913
_tiny_check_and_zero_inline_meta_from_freelist,51876,60708,17.025213971778857,8832
"dyld3::kdebug_trace_dyld_duration_end(unsigned long long, unsigned int, dyld3::kt_arg, dyld3::kt_arg, dyld3::kt_arg)",80374,88166,9.694677383233383,7792
Diagnostics::assertNoError() const,107833,115456,7.069264510864021,7623
EVP_CIPHER_free,621299,628581,1.1720604732986855,7282
"invocation function for block in dyld3::MachOFile::getDylibInstallName(char const**, unsigned int*, unsigned int*) const",81416,88083,8.18880809668861,6667
__open_nocancel,128209,134875,5.199322980445991,6666
CRYPTO_atomic_load,3258732,3265385,0.20415916374835366,6653
small_malloc_from_free_list,40167,46332,15.348420345059377,6165
_qsort,64790,70458,8.748263620929157,5668
"dyld4::LibSystemHelpers::os_unfair_lock_lock_with_options(os_unfair_lock_s*, os_unfair_lock_options_t) const",59082,64626,9.383568599573474,5544
"dyld4::Loader::contains(dyld4::RuntimeState&, void const*, void const**, unsigned long long*, unsigned char*) const",95876,101416,5.778296966915599,5540
Diagnostics::~Diagnostics(),142625,147833,3.6515337423312886,5208
strcmp,70246,75251,7.1249608518634515,5005
small_free_list_find_by_ptr,29999,34833,16.113870462348746,4834
ASN1_OBJECT_free,499078,503372,0.8603865528033694,4294
function_hash,474785,478999,0.8875596322545994,4214
mach_msg2_trap,24542,28459,15.96039442588216,3917
_pthread_mutex_firstfit_lock_slow,2203800,2207627,0.1736545966058626,3827
dyld4::LibSystemHelpers::os_unfair_lock_unlock(os_unfair_lock_s*) const,40958,44749,9.255823038234288,3791
os_unfair_lock_lock_with_options,172961,176582,2.0935355369129454,3621
dyld4::Loader::loadAddress(dyld4::RuntimeState&) const,25000,28375,13.5,3375
ossl_sa_set,246169,249497,1.3519167726236854,3328
"dyld4::RuntimeState::PermanentRanges::contains(unsigned long, unsigned long, unsigned char*, dyld4::Loader const**) const",50500,53791,6.516831683168317,3291
dyld4::LibSystemHelpers::os_unfair_recursive_lock_unlock(os_unfair_recursive_lock_s*) const,38250,41500,8.49673202614379,3250
"lsl::EphemeralAllocator::allocate_buffer(unsigned long, unsigned long, unsigned long)",62875,65959,4.904970178926441,3084
OSSL_PARAM_set_int,1612660,1615609,0.18286557612888024,2949
OSSL_PARAM_construct_uint,564546,567461,0.5163441065918455,2915
_pthread_mutex_firstfit_unlock_slow,2291254,2294126,0.12534620779712768,2872
__getrlimit,3959,6791,71.5332154584491,2832
OSSL_PARAM_set_size_t,1115207,1117951,0.2460529749185577,2744
Diagnostics::noError() const,45460,48167,5.95468543774747,2707
"dyld3::OverflowSafeArray<unsigned int, 4294967295ul>::verifySpace(unsigned long)",95957,98585,2.7387267213439355,2628
ossl_tolower,59852582,59855180,0.004340664868894044,2598
OPENSSL_LH_doall,327697,330206,0.765646313515229,2509
OBJ_get0_data,325379,327830,0.7532754111359369,2451
"lsl::AllocationMetadata::AllocationMetadata(lsl::Allocator*, unsigned long)",33084,35460,7.1817192600652895,2376
dyld4::JustInTimeLoader::loadAddress(dyld4::RuntimeState&) const,28875,31209,8.083116883116883,2334
ossl_provider_free,462252,464542,0.49540077706532365,2290
os_unfair_lock_assert_not_owner,21666,23750,9.618757500230776,2084
ossl_lh_strcasehash,3664943,3667013,0.05648109670464179,2070
free,203438,205501,1.014068168188834,2063
"dyld4::LibSystemHelpers::os_unfair_recursive_lock_lock_with_options(os_unfair_recursive_lock_s*, os_unfair_lock_options_t) cons",54250,56292,3.7640552995391707,2042
dyld4::DyldCacheDataConstLazyScopedWriter::DyldCacheDataConstLazyScopedWriter(dyld4::RuntimeState&),14000,16000,14.285714285714285,2000
FMT_istext,18834,20833,10.613783582882022,1999
OPENSSL_hexchar2int,235790,237748,0.8303999321430087,1958
Diagnostics::hasError() const,41335,43210,4.536107415023588,1875
__chkstk_darwin_probe,20375,22250,9.202453987730062,1875
ossl_provider_up_ref,489791,491542,0.35749942322337486,1751
"dyld3::MachOFile::read_uleb128(Diagnostics&, unsigned char const*&, unsigned char const*)",52166,53917,3.3565924165165053,1751
os_unfair_lock_unlock,127127,128874,1.3742163348462562,1747
OSSL_PARAM_set_uint,339038,340759,0.5076127159787398,1721
"invocation function for block in dyld4::Loader::forEachPath(Diagnostics&, dyld4::RuntimeState&, char const*, dyld4::Loader::Loa",17666,19375,9.673949960375863,1709
dyld4::Loader::matchesPath(char const*) const,21209,22875,7.855155830072139,1666
dyld3::ScopedTimer::endTimer(),26290,27876,6.03271205781666,1586
kdebug_is_enabled,18458,19958,8.126557590204788,1500
"dyld4::Loader::loadDependents(Diagnostics&, dyld4::RuntimeState&, dyld4::Loader::LoadOptions const&)",13750,15209,10.61090909090909,1459
lsl::MemoryManager::lockGuard(),27833,29208,4.940178924298495,1375
file_new,16002,17375,8.580177477815273,1373
"dyld4::JustInTimeLoader::loadDependents(Diagnostics&, dyld4::RuntimeState&, dyld4::Loader::LoadOptions const&)",15708,17042,8.49248790425261,1334
pthread_cond_signal,102043,103293,1.224973785560989,1250
os_unfair_recursive_lock_unlock,16375,17625,7.633587786259542,1250
pthread_setspecific,46001,47209,2.6260298689158934,1208
ossl_property_name,27877,29085,4.3333213760447675,1208
lsl::EphemeralAllocator::~EphemeralAllocator(),14417,15625,8.378997017410002,1208
__fcntl,5250,6417,22.228571428571428,1167
dyld3::MachOFile::is64() const,15917,17083,7.325501036627505,1166
realloc,60415,61542,1.8654307705040138,1127
evp_cipher_free,573594,574714,0.19526006199506968,1120
nanov2_size,111413,112498,0.9738540385771858,1085
dyld4::Loader::path() const,14751,15834,7.3418751271100255,1083
pthread_mutex_init,25042,26042,3.993291270665282,1000
OSSL_PARAM_construct_int,2737285,2738257,0.03550963819989515,972
lsl::EphemeralAllocator::deallocate_buffer(lsl::MemoryManager::Buffer),21083,22042,4.5486885168144955,959
dyld4::Loader::hiddenFromFlat(bool) const,6708,7667,14.296362552176506,959
ossl_ctype_check,167749,168707,0.5710913328842497,958
dyld4::RuntimeState::incDlRefCount(dyld4::Loader const*),8834,9750,10.369028752546978,916
dyld4::JustInTimeLoader::beginInitializers(dyld4::RuntimeState&),9625,10500,9.090909090909092,875
property_hash,88375,89250,0.9900990099009901,875
set_tiny_meta_header_in_use,65042,65876,1.2822483933458382,834
dyld4::LibSystemHelpers::pthread_getspecific(unsigned long) const,20625,21458,4.038787878787878,833
dyld4::RuntimeState::notifyObjCPatching(),6750,7500,11.11111111111111,750
lsl::Vector<dyld4::Loader const*>::reserveExact(unsigned long),9083,9833,8.25718374986238,750
dyld4::RuntimeState::doSingletonPatching(dyld4::DyldCacheDataConstLazyScopedWriter&),12250,13000,6.122448979591836,750
___chkstk_darwin,22460,23208,3.3303650934995552,748
_pthread_mutex_unlock_init_slow,2089668,2090401,0.035077342429515115,733
lsl::Lock::lock(),8334,9042,8.495320374370051,708
szone_malloc,54960,55668,1.2882096069868996,708
EVP_add_cipher,13085,13792,5.403133358807795,707
err_unshelve_state,7666,8333,8.70075658752935,667
Diagnostics::clearError(),5000,5666,13.320000000000002,666
DSO_METHOD_openssl,9625,10290,6.909090909090909,665
pthread_getspecific,1149623,1150281,0.0572361548090113,658
"dyld4::handleFromLoader(dyld4::Loader const*, bool)",7291,7917,8.585927856261144,626
pthread_mutex_destroy,17584,18168,3.3212010919017287,584
BUF_MEM_new,300836,301414,0.1921312608863301,578
OPENSSL_LH_flush,329542,330085,0.16477414108065133,543
medium_malloc_from_free_list,5875,6417,9.225531914893617,542
EVP_des_cfb64,3041,3583,17.82308451167379,542
lsl::EphemeralAllocator::reset(),8125,8667,6.67076923076923,542
dyld4::Loader::beginInitializers(dyld4::RuntimeState&),8417,8959,6.439348936675775,542
pthread_cond_init,19042,19584,2.8463396702027097,542
signal,3000,3541,18.033333333333335,541
dyld3::kdebug_trace_dyld_enabled(unsigned int),6583,7083,7.595321282090232,500
EVP_aes_192_ofb,2500,3000,20.0,500
small_free_list_add_ptr,48042,48541,1.0386744931518255,499
EVP_aes_192_wrap,2791,3250,16.44571838050878,459
EVP_des_ede_cfb64,3083,3542,14.8880960103795,459
szone_try_free_default,76957,77416,0.5964369712956585,459
dyld4::BumpAllocator::~BumpAllocator(),7042,7500,6.503834138028969,458
pthread_rwlock_destroy,121083,121540,0.377427054169454,457
EVP_CIPHER_get_nid,365502,365957,0.12448632292025762,455
DSO_free,14166,14584,2.9507270930396725,418
dyld4::JustInTimeLoader::hiddenFromFlat(bool) const,8000,8417,5.2124999999999995,417
ossl_indicator_set_callback_new,5292,5709,7.879818594104308,417
getegid,5542,5959,7.5243594370263445,417
_NSGetEnviron,15124,15541,2.757207088071939,417
_kernelrpc_mach_port_construct_trap,7792,8209,5.351642710472279,417
aes_cts_256_cbc_get_params,4708,5125,8.857264231096007,417
EVP_aes_192_cfb8,2667,3083,15.598050243719536,416
aes_256_siv_get_params,4584,5000,9.07504363001745,416
BN_free,476832,477217,0.08074122542111267,385
EVP_camellia_256_ecb,3166,3542,11.876184459886293,376
ossl_lib_ctx_is_default,3708,4084,10.140237324703344,376
ossl_aes_192_gcm_siv_get_params,5583,5959,6.734730431667563,376
vm_deallocate,2833,3209,13.27214966466643,376
EVP_aes_192_ccm,2458,2833,15.256305939788446,375
EVP_aria_128_ctr,2750,3125,13.636363636363635,375
aria_192_ctr_get_params,4208,4583,8.911596958174906,375
__bzero,14500,14875,2.586206896551724,375
EVP_aes_192_wrap_pad,3042,3416,12.294543063773833,374
OSSL_PARAM_locate_const,397001,397369,0.09269498061717728,368
sa_doall,14457,14792,2.3172165732862973,335
ossl_lib_ctx_get_ex_data_global,10833,11167,3.0831717899012276,334
dyld4::JustInTimeLoader::path() const,19125,19459,1.74640522875817,334
ossl_cipher_capable_aes_cbc_hmac_sha256,12541,12875,2.663264492464716,334
ossl_prov_ctx_set0_libctx,3875,4208,8.593548387096774,333
EVP_aes_256_ocb,2459,2792,13.54209028060187,333
close,4250,4583,7.8352941176470585,333
EVP_aes_256_ofb,2459,2792,13.54209028060187,333
EVP_aes_128_cbc_hmac_sha1,5084,5417,6.549960660896932,333
EVP_aes_128_cbc_hmac_sha256,5125,5458,6.4975609756097565,333
EVP_camellia_192_cfb1,3167,3500,10.514682664982633,333
camellia_cbc_cts_gettable_ctx_params,15375,15708,2.165853658536585,333
ossl_bio_core_globals_new,4584,4916,7.242582897033159,332
ossl_sa_new,8749,9042,3.348954166190422,293
aria_256_cfb8_get_params,4416,4708,6.61231884057971,292
EVP_aria_128_gcm,3000,3292,9.733333333333333,292
tdes_wrap_get_params,4500,4792,6.488888888888889,292
EVP_aes_256_cbc_hmac_sha256,4833,5125,6.041795985930064,292
EVP_bf_cbc,2042,2333,14.25073457394711,291
free_small,8833,9124,3.2944639420355486,291
camellia_192_ofb_get_params,4959,5250,5.8681185722928015,291
tdes_ede3_cfb8_get_params,4750,5041,6.126315789473684,291
EVP_PKEY_asn1_get0,42375,42626,0.5923303834808259,251
EVP_aes_192_ocb,2583,2834,9.717382888114596,251
EVP_camellia_192_cfb8,3208,3458,7.793017456359102,250
ossl_prov_ctx_get0_core_bio_method,5375,5625,4.651162790697675,250
ossl_prov_seeding_from_dispatch,6125,6375,4.081632653061225,250
ossl_rcu_write_lock,41750,42000,0.5988023952095809,250
EVP_aria_256_ofb,2583,2833,9.678668215253582,250
tdes_ede3_cfb_get_params,4750,5000,5.263157894736842,250
ossl_method_lock_store,4000,4250,6.25,250
camellia_cts_256_cbc_get_params,5542,5792,4.511006856730422,250
ossl_lib_ctx_get_concrete,8416,8666,2.970532319391635,250
aes_128_cfb8_get_params,4625,4875,5.405405405405405,250
aes_192_ecb_get_params,4125,4375,6.0606060606060606,250
EVP_sha3_256,2583,2833,9.678668215253582,250
tdes_ede2_cbc_get_params,4500,4750,5.555555555555555,250
EVP_aes_128_cfb128,3084,3333,8.073929961089494,249
NCONF_get0_libctx,4042,4291,6.160316674913409,249
camellia_128_cbc_get_params,4834,5083,5.151013653289201,249
aes_192_ctr_get_params,4167,4416,5.97552195824334,249
OPENSSL_cpuid_setup,4542,4791,5.48216644649934,249
ossl_bio_core_globals_free,4459,4708,5.584211706660686,249
camellia_192_cfb1_get_params,5000,5209,4.18,209
EVP_shake128,2291,2500,9.122653862941947,209
EVP_idea_ecb,2375,2584,8.799999999999999,209
ossl_self_test_set_callback_new,5458,5667,3.8292414803957495,209
aria_128_cfb_get_params,4375,4584,4.777142857142857,209
BIO_set_init,8666,8875,2.4117239787675975,209
EVP_camellia_256_cfb128,3666,3875,5.701036552100382,209
EVP_aes_128_cbc,2541,2750,8.225108225108226,209
ossl_prov_ctx_new,3500,3709,5.9714285714285715,209
tdes_ede3_cfb1_get_params,4958,5166,4.195240016135539,208
EVP_sha384,2083,2291,9.985597695631302,208
aes_cts_128_cbc_get_params,4667,4875,4.456824512534819,208
EVP_aes_256_wrap_pad,3125,3333,6.656,208
EVP_des_ede3_cfb8,2667,2875,7.799025121859768,208
EVP_camellia_128_ofb,3292,3500,6.318347509113001,208
ENGINE_register_EC,7417,7625,2.8043683429958204,208
aes_256_cfb_get_params,4167,4375,4.991600671946244,208
NCONF_default,2750,2958,7.563636363636364,208
null_gettable_ctx_params,4209,4417,4.941791399382276,208
BIO_set_flags,10166,10374,2.0460358056265986,208
EVP_des_ede3_cfb64,3041,3209,5.52449852022361,168
OSSL_LIB_CTX_get_conf_diagnostics,10250,10418,1.6390243902439026,168
NCONF_get_section,11499,11667,1.4609966084007304,168
BIO_meth_set_read_ex,4208,4375,3.9686311787072244,167
OPENSSL_LH_get_down_load,17833,18000,0.936466102170134,167
EVP_aria_128_cfb1,3125,3292,5.344,167
chacha20_poly1305_gettable_ctx_params,5333,5500,3.1314457153572097,167
EVP_sha512,2042,2209,8.178256611165525,167
EVP_cast5_ecb,2750,2917,6.072727272727272,167
ossl_prov_cipher_hw_aes_ctr,4792,4959,3.484974958263773,167
tdes_ede2_ecb_get_params,4583,4750,3.6439013746454285,167
camellia_192_ecb_get_params,4917,5084,3.39637990644702,167
EVP_aes_128_wrap_pad,3291,3458,5.074445457307809,167
EVP_aes_128_ctr,2500,2667,6.68,167
EVP_aes_256_cbc_hmac_sha1,4750,4917,3.5157894736842104,167
EVP_aria_256_cbc,2667,2833,6.224221972253469,166
EVP_aes_256_gcm,2459,2625,6.750711671411143,166
UI_method_set_reader,3209,3375,5.1729510751012775,166
ossl_child_prov_ctx_new,4167,4333,3.98368130549556,166
EVP_aria_192_cfb8,2917,3083,5.6907781967775115,166
engine_pkey_asn1_meths_free,5125,5291,3.2390243902439027,166
EVP_des_ede3,2292,2458,7.242582897033159,166
EVP_aes_192_cfb1,2834,3000,5.857445306986592,166
COMP_get_type,2500,2666,6.64,166
aes_128_cbc_get_params,4334,4500,3.830179972311952,166
EVP_aria_192_ccm,2625,2791,6.3238095238095235,166
getgid,5750,5876,2.1913043478260867,126
EVP_RAND_CTX_free,6167,6293,2.0431328036322363,126
EVP_aria_128_ecb,2791,2917,4.514510927982802,126
aes_256_ctr_get_params,4166,4292,3.0244839174267883,126
opt_next,2291,2417,5.4997817546922745,126
sigaction,1916,2042,6.576200417536534,126
ossl_init_thread_deregister,5166,5292,2.4390243902439024,126
aes_256_cfb1_get_params,4583,4708,2.7274710888064586,125
camellia_192_cfb_get_params,5084,5209,2.4586939417781273,125
ossl_cipher_generic_set_ctx_params,10000,10125,1.25,125
camellia_256_cfb1_get_params,5000,5125,2.5,125
OSSL_trace_set_channel,4500,4625,2.7777777777777777,125
pd_free,1750,1875,7.142857142857142,125
EVP_rc4,2041,2166,6.124448799608035,125
EVP_idea_cfb64,2541,2666,4.919323101141283,125
EVP_camellia_128_cbc,3250,3375,3.8461538461538463,125
EVP_sha1,2125,2250,5.88235294117647,125
EVP_aria_192_cfb128,2958,3083,4.2258282623394186,125
EVP_bf_ofb,2125,2250,5.88235294117647,125
EVP_aes_128_wrap,2917,3042,4.285224545766198,125
EVP_aria_256_cfb128,2875,3000,4.3478260869565215,125
EVP_aes_128_xts,2875,3000,4.3478260869565215,125
EVP_camellia_192_ofb,3042,3167,4.10913872452334,125
EVP_des_ede3_cfb1,2833,2958,4.412283798093894,125
EVP_aria_128_ofb,2667,2792,4.6869141357330335,125
EVP_md5_sha1,2625,2750,4.761904761904762,125
EVP_des_cfb1,2458,2583,5.085435313262816,125
EVP_des_ofb,1958,2083,6.384065372829417,125
EVP_des_ecb,1958,2083,6.384065372829417,125
sm4_128_ecb_get_params,4709,4833,2.633255468252283,124
camellia_256_cbc_get_params,4917,5041,2.5218629245474884,124
_pthread_mutex_check_init_slow,33793,33917,0.36693989879560857,124
EVP_desx_cbc,2542,2666,4.878048780487805,124
aria_192_cfb8_get_params,4459,4583,2.780892576810944,124
OSSL_CMP_log_close,4459,4583,2.780892576810944,124
ossl_prov_ctx_set0_handle,3709,3833,3.343219196548935,124
openssl_fopen,7792,7916,1.5913757700205338,124
OSSL_PARAM_construct_size_t,1804046,1804167,0.006707146048382358,121
BIO_next,6791,6876,1.2516566043292594,85
opt_unknown,2125,2209,3.9529411764705884,84
EVP_blake2s256,2375,2459,3.536842105263158,84
EVP_camellia_192_cfb128,3625,3709,2.3172413793103446,84
EVP_aes_256_xts,2458,2542,3.4174125305126117,84
sm4_128_xts_get_params,4583,4667,1.83286057167794,84
ossl_random_add_conf_module,4583,4667,1.83286057167794,84
init_thread_stop,3458,3542,2.42914979757085,84
EVP_aria_192_gcm,2708,2792,3.10192023633678,84
ossl_rand_cleanup_int,4750,4834,1.768421052631579,84
EVP_aes_128_cfb1,2791,2875,3.009673951988535,84
aria_128_ctr_get_params,4500,4584,1.866666666666667,84
UI_OpenSSL,2083,2167,4.0326452232357175,84
aes_192_gcm_get_params,4541,4625,1.8498128165602292,84
EVP_camellia_128_cfb1,3333,3417,2.5202520252025202,84
sm4_128_cbc_get_params,4458,4542,1.8842530282637955,84
aes_256_ccm_get_params,4500,4584,1.866666666666667,84
EVP_sha3_224,2208,2292,3.804347826086957,84
aes_256_ofb_get_params,4334,4417,1.915089986155976,83
EVP_des_ede3_wrap,2750,2833,3.018181818181818,83
EVP_aes_192_ctr,2709,2792,3.0638612033960873,83
file_ctrl,8000,8083,1.0375,83
core_get_libctx,3833,3916,2.1654056874510825,83
ossl_prov_ctx_free,3459,3542,2.3995374385660595,83
UI_method_set_closer,3167,3250,2.620776760341017,83
ERR_print_errors,3959,4042,2.0964890123768627,83
EVP_CIPHER_fetch,4042,4125,2.053438891637803,83
tdes_ede3_ofb_get_params,4834,4917,1.7170045510964005,83
aes_128_ecb_get_params,4333,4416,1.9155319639972306,83
EVP_chacha20,2375,2458,3.494736842105263,83
UI_null,2209,2292,3.7573562698053418,83
aes_v8_set_encrypt_key,4375,4458,1.8971428571428572,83
ENGINE_set_finish_function,4584,4666,1.7888307155322862,82
EVP_aes_128_ccm,2709,2791,3.0269472129937247,82
OPENSSL_sk_pop,7626,7708,1.0752688172043012,82
ENGINE_register_RSA,8168,8250,1.0039177277179236,82
ossl_config_add_ssl_module,4209,4291,1.9482062247564742,82
OSSL_ERR_STATE_new,4416,4459,0.973731884057971,43
aes_256_ecb_get_params,4833,4875,0.8690254500310366,42
dyld4::APIs::_tlv_exit(),3875,3917,1.0838709677419356,42
def_is_number,4874,4916,0.8617152236356176,42
camellia_128_cfb1_get_params,5167,5209,0.8128507838203988,42
aes_192_cfb_get_params,4250,4292,0.9882352941176471,42
aes_256_cbc_get_params,4250,4292,0.9882352941176471,42
query_hash,3000,3042,1.4000000000000001,42
EVP_sha3_512,2250,2292,1.866666666666667,42
function_cmp,3000,3042,1.4000000000000001,42
ossl_property_match_count,5125,5167,0.8195121951219513,42
EVP_aria_128_ccm,3041,3083,1.3811246300559026,42
EVP_mdc2,2250,2292,1.866666666666667,42
camellia_192_cfb8_get_params,5125,5167,0.8195121951219513,42
ossl_comp_zstd_cleanup,3250,3292,1.2923076923076922,42
camellia_128_cfb8_get_params,5000,5042,0.84,42
camellia_128_ecb_get_params,5000,5042,0.84,42
ENGINE_get_cipher_engine,5083,5125,0.8262836907338187,42
aes_siv_gettable_ctx_params,12125,12167,0.3463917525773196,42
EVP_aes_192_cfb128,3000,3042,1.4000000000000001,42
ENGINE_register_DSA,8041,8083,0.5223230941425197,42
EVP_aes_192_ecb,2458,2500,1.7087062652563059,42
EVP_aes_256_ccm,2500,2542,1.68,42
aes_192_ofb_get_params,4375,4417,0.96,42
ossl_lib_ctx_write_lock,3708,3750,1.132686084142395,42
lh_FUNCTION_free,2708,2750,1.55096011816839,42
aes_192_wrappadinv_get_params,5333,5375,0.7875492218263641,42
ossl_method_unlock_store,4166,4208,1.0081613058089294,42
EVP_aria_192_cbc,2708,2750,1.55096011816839,42
EVP_sm4_ecb,2458,2500,1.7087062652563059,42
camellia_192_cbc_get_params,5167,5208,0.7934971937294368,41
free_medium,3709,3750,1.1054192504718252,41
EVP_camellia_192_ecb,3417,3458,1.199882938249927,41
aes_128_ocb_get_params,4417,4458,0.9282318315598823,41
EVP_camellia_128_ecb,3834,3875,1.069379238393323,41
camellia_256_ofb_get_params,5250,5291,0.780952380952381,41
aes_256_wrappad_get_params,4917,4958,0.8338417734390889,41
UI_method_set_opener,3584,3625,1.1439732142857142,41
ossl_cipher_generic_reset_ctx,4459,4500,0.9194886745907155,41
sm4_128_gcm_get_params,4750,4791,0.8631578947368421,41
EVP_des_cbc,2209,2250,1.8560434585785424,41
OPENSSL_sk_delete,28459,28500,0.1440669032643452,41
UI_method_set_writer,3167,3208,1.2946005683612252,41
EVP_aes_192_cbc,2417,2458,1.696317749275962,41
EVP_whirlpool,2917,2958,1.405553651011313,41
ossl_rcu_write_unlock,44833,44873,0.08921999420070037,40
_platform_memmove,6475571,6475576,7.72132681426858e-05,5
OSSL_PARAM_construct_end,547289,547290,0.00018271881949025106,1
tdes_ede2_ofb_get_params,4916,4917,0.02034174125305126,1
EVP_bf_cfb64,2458,2459,0.04068348250610252,1
EVP_rc4_hmac_md5,2916,2917,0.034293552812071325,1
EVP_des_cfb8,2333,2334,0.04286326618088298,1
aes_128_wrappad_get_params,4708,4709,0.021240441801189464,1
EVP_sha512_224,2333,2334,0.04286326618088298,1
ossl_self_test_set_callback_free,4958,4959,0.02016942315449778,1
EVP_aria_192_ecb,2666,2667,0.037509377344336084,1
aria_128_ccm_get_params,4833,4834,0.02069108214359611,1
X509_get_default_cert_area,8124,8125,0.012309207287050716,1
ossl_comp_brotli_cleanup,3667,3667,0.0,0
camellia_cts_192_cbc_get_params,5208,5208,0.0,0
memset,5459,5459,0.0,0
EVP_des_ede,2000,2000,0.0,0
BIO_copy_next_retry,7959,7959,0.0,0
EVP_sm4_ofb,2125,2125,0.0,0
aes_128_ctr_get_params,4333,4333,0.0,0
EVP_camellia_256_cfb1,3292,3292,0.0,0
EVP_CIPHER_get_mode,6208,6208,0.0,0
ossl_comp_zlib_cleanup,3667,3667,0.0,0
EVP_CIPHER_get_flags,3250,3250,0.0,0
EVP_PKEY_asn1_get_count,4125,4125,0.0,0
EVP_camellia_256_ctr,3208,3208,0.0,0
ENGINE_set_id,2833,2833,0.0,0
EVP_aes_256_cfb1,2583,2583,0.0,0
EVP_aria_256_gcm,2583,2583,0.0,0
EVP_aria_256_ctr,2584,2584,0.0,0
ENGINE_set_name,2625,2625,0.0,0
EVP_aes_192_gcm,2625,2625,0.0,0
EVP_aria_192_ofb,2625,2625,0.0,0
EVP_MD_free,2708,2708,0.0,0
EVP_aria_192_ctr,2708,2708,0.0,0
aes_cts_192_cbc_get_params,4750,4750,0.0,0
aria_256_cfb_get_params,4542,4542,0.0,0
EVP_md4,2417,2417,0.0,0
aes_128_wrap_get_params,4791,4791,0.0,0
ENGINE_register_pkey_asn1_meths,10875,10875,0.0,0
BIO_f_cipher,2833,2833,0.0,0
aes_128_wrapinv_get_params,5500,5500,0.0,0
ASN1_add_oid_module,3666,3666,0.0,0
EVP_seed_cfb128,2834,2834,0.0,0
_cleanup,2291,2291,0.0,0
property_free,20500,20500,0.0,0
ossl_ctx_global_properties_new,5000,5000,0.0,0
EVP_des_ede_cbc,2541,2541,0.0,0
OSSL_LIB_CTX_get_data,3125,3125,0.0,0
OSSL_STORE_LOADER_set_open,4958,4958,0.0,0
aes_128_gcm_get_params,4875,4875,0.0,0
camellia_128_cfb_get_params,4958,4958,0.0,0
EVP_camellia_128_ctr,3083,3083,0.0,0
ENGINE_register_digests,9250,9249,-0.010810810810810811,-1
sm4_128_ccm_get_params,4584,4583,-0.02181500872600349,-1
OSSL_LIB_CTX_set_conf_diagnostics,5709,5708,-0.017516202487300753,-1
aes_256_xts_get_params,4834,4833,-0.02068680182043856,-1
EVP_idea_ofb,2084,2083,-0.04798464491362764,-1
ossl_prov_is_running,16584,16583,-0.00602990834539315,-1
aes_256_wrappadinv_get_params,5167,5166,-0.019353590090961874,-1
EVP_des_ede3_cbc,2709,2708,-0.03691399040236249,-1
ERR_get_error_all,3959,3958,-0.025258903763576663,-1
EVP_camellia_256_ofb,3083,3042,-1.3298734998378203,-41
BIO_meth_set_ctrl,3583,3542,-1.1442924923248674,-41
ossl_aes_128_gcm_siv_get_params,5791,5750,-0.7079951649110688,-41
aes_256_ocb_get_params,4958,4917,-0.826946349334409,-41
aes_128_cfb_get_params,4291,4250,-0.9554882311815428,-41
aes_128_cfb1_get_params,4500,4459,-0.9111111111111112,-41
OSSL_STORE_unregister_loader,4416,4375,-0.9284420289855072,-41
aria_256_ctr_get_params,4541,4500,-0.9028848271305879,-41
store_loader_cmp,3708,3667,-1.1057173678532901,-41
ENGINE_load_builtin_engines,4958,4917,-0.826946349334409,-41
aria_128_cbc_get_params,4625,4584,-0.8864864864864865,-41
aria_192_cfb_get_params,4833,4792,-0.8483343678874405,-41
BIO_meth_set_create,3833,3791,-1.0957474563005478,-42
EVP_chacha20_poly1305,3417,3375,-1.2291483757682178,-42
EVP_camellia_192_ctr,3084,3042,-1.3618677042801557,-42
BIO_meth_set_gets,3875,3833,-1.0838709677419356,-42
ASN1_add_stable_module,3542,3500,-1.185770750988142,-42
pthread_self,5250,5208,-0.8,-42
EVP_aria_256_cfb1,2708,2666,-1.55096011816839,-42
EVP_camellia_128_cfb8,3375,3333,-1.2444444444444445,-42
EVP_aes_128_ecb,3375,3333,-1.2444444444444445,-42
small_try_realloc_in_place,14875,14833,-0.2823529411764706,-42
EVP_add_alg_module,3500,3458,-1.2,-42
_kernelrpc_mach_port_deallocate_trap,7167,7125,-0.5860192549183758,-42
OSSL_PARAM_modified,3500,3458,-1.2,-42
OSSL_STORE_LOADER_set_error,4708,4666,-0.8920985556499574,-42
ossl_prov_ctx_set0_core_bio_method,4750,4708,-0.8842105263157894,-42
EVP_bf_ecb,2542,2500,-1.6522423288749015,-42
EVP_aes_256_cfb8,2625,2583,-1.6,-42
aria_256_ccm_get_params,4875,4833,-0.8615384615384615,-42
aes_192_cfb1_get_params,4375,4333,-0.96,-42
ossl_provider_unquery_operation,5459,5417,-0.7693716797948342,-42
strrchr,2750,2708,-1.5272727272727273,-42
EVP_camellia_256_cfb8,3250,3208,-1.2923076923076922,-42
evp_app_cleanup_int,3667,3625,-1.1453504226888465,-42
chacha20_gettable_ctx_params,4375,4333,-0.96,-42
EVP_sm4_ctr,2125,2083,-1.9764705882352942,-42
release_engine,2625,2583,-1.6,-42
EVP_sha3_384,2458,2416,-1.7087062652563059,-42
aes_192_ocb_get_params,4792,4750,-0.8764607679465776,-42
OPENSSL_sk_sort,5375,5333,-0.7813953488372093,-42
aria_192_cfb1_get_params,4417,4375,-0.9508716323296356,-42
OBJ_obj2txt,2917,2875,-1.4398354473774426,-42
EVP_aes_256_ctr,2459,2416,-1.7486783245221633,-43
EVP_rc2_cbc,2209,2166,-1.9465821638750567,-43
EVP_camellia_256_cbc,3084,3041,-1.3942931258106357,-43
OPENSSL_LH_set_down_load,35207,35126,-0.23006788422756835,-81
CRYPTO_THREAD_lock_free,17623,17542,-0.45962662429779266,-81
medium_region_for_ptr_no_lock,5416,5334,-1.5140324963072378,-82
ENGINE_set_ctrl_function,4416,4334,-1.8568840579710144,-82
EVP_sha512_256,2375,2292,-3.494736842105263,-83
ossl_aes_256_gcm_siv_get_params,5500,5417,-1.509090909090909,-83
camellia_256_ecb_get_params,5167,5084,-1.6063479775498355,-83
bio_sock_cleanup_int,3500,3417,-2.3714285714285714,-83
EVP_rc4_40,2000,1917,-4.15,-83
sm4_128_ofb128_get_params,4792,4709,-1.7320534223706177,-83
EVP_aes_256_ecb,2750,2667,-3.018181818181818,-83
EVP_aes_128_ofb,2666,2583,-3.113278319579895,-83
ENGINE_add_conf_module,4208,4125,-1.9724334600760456,-83
aes_192_cbc_get_params,4458,4375,-1.8618214445939882,-83
EVP_aes_128_ocb,3000,2917,-2.7666666666666666,-83
BIO_meth_set_destroy,3958,3875,-2.097018696311268,-83
aria_192_gcm_get_params,4542,4459,-1.8273888154997797,-83
property_cmp,2959,2875,-2.8387968908415004,-84
ossl_tdes_gettable_ctx_params,45960,45876,-0.18276762402088773,-84
OSSL_STORE_LOADER_set_eof,4625,4541,-1.816216216216216,-84
EVP_aes_256_cbc,2500,2416,-3.36,-84
EVP_cast5_cfb64,2709,2625,-3.10077519379845,-84
aria_128_ecb_get_params,4584,4500,-1.832460732984293,-84
EVP_PKEY_asn1_get0_info,52958,52874,-0.15861626194342687,-84
EVP_camellia_128_cfb128,3792,3708,-2.2151898734177213,-84
EVP_aria_256_ecb,2792,2708,-3.0085959885386817,-84
aes_128_wrappadinv_get_params,5209,5125,-1.6125935880207336,-84
ENGINE_set_init_function,4542,4458,-1.8494055482166447,-84
EVP_idea_cbc,2250,2166,-3.733333333333334,-84
aria_256_ofb_get_params,4500,4416,-1.866666666666667,-84
BIO_set_data,6334,6250,-1.3261761919797914,-84
camellia_128_ofb_get_params,5125,5041,-1.6390243902439026,-84
EVP_md5,2042,1958,-4.113614103819784,-84
ossl_store_cleanup_int,3250,3166,-2.5846153846153843,-84
ENGINE_register_ciphers,9542,9458,-0.8803185914902536,-84
BIO_meth_set_write_ex,4375,4291,-1.92,-84
ENGINE_register_pkey_meths,9709,9624,-0.8754763621382222,-85
EVP_CipherFinal_ex,3791,3667,-3.27090477446584,-124
getrlimit,3291,3167,-3.767851716803403,-124
EVP_des_ede_ofb,2666,2542,-4.651162790697675,-124
pthread_cond_broadcast,55041,54917,-0.22528660453116767,-124
BIO_free,4666,4542,-2.6575225032147447,-124
EVP_sm4_cfb128,2916,2792,-4.252400548696845,-124
opt_arg,6000,5876,-2.0666666666666664,-124
OSSL_STORE_LOADER_set_close,4833,4709,-2.5656941858059175,-124
EVP_seed_ecb,2541,2417,-4.879968516332153,-124
ossl_stored_namemap_free,4541,4417,-2.7306760625412907,-124
engine_remove_dynamic_id,5208,5084,-2.380952380952381,-124
tdes_ede3_ecb_get_params,5250,5125,-2.380952380952381,-125
aria_128_ofb_get_params,4500,4375,-2.7777777777777777,-125
UI_method_set_prompt_constructor,4750,4625,-2.631578947368421,-125
ENGINE_set_flags,3458,3333,-3.6148062463851938,-125
CRYPTO_THREAD_get_current_id,4291,4166,-2.9130738755534837,-125
sm4_128_ctr_get_params,4459,4334,-2.803319129849742,-125
geteuid,6166,6041,-2.027246188777165,-125
ENGINE_set_cmd_defns,3958,3833,-3.1581606872157657,-125
camellia_192_ctr_get_params,4917,4792,-2.54220052877771,-125
aes_v8_ctr32_encrypt_blocks,4667,4542,-2.678380115706021,-125
ossl_cipher_aead_gettable_ctx_params,70584,70459,-0.1770939589708716,-125
EVP_aes_128_cfb8,2917,2792,-4.285224545766198,-125
aria_192_ofb_get_params,4500,4375,-2.7777777777777777,-125
ossl_free_compression_methods_int,5333,5208,-2.3438964935308455,-125
EVP_rc2_40_cbc,2750,2625,-4.545454545454546,-125
chacha20_poly1305_get_params,5625,5500,-2.2222222222222223,-125
"dyld4::ProcessConfig::DyldCache::indexOfPath(char const*, unsigned int&) const",24375,24250,-0.5128205128205128,-125
CONF_imodule_get_value,4542,4417,-2.752091589608102,-125
EVP_camellia_192_cbc,3208,3083,-3.896508728179551,-125
aes_192_wrapinv_get_params,4875,4750,-2.564102564102564,-125
EVP_rc2_ecb,2792,2667,-4.477077363896848,-125
EVP_CipherInit_ex,7416,7291,-1.6855447680690399,-125
OSSL_PARAM_get_int,5376,5250,-2.34375,-126
ossl_prov_bio_from_dispatch,6042,5916,-2.0854021847070507,-126
engine_load_rdrand_int,3667,3541,-3.4360512680665396,-126
chacha20_get_params,4209,4083,-2.993585174625802,-126
_platform_strnlen,7292,7166,-1.7279210093252881,-126
pthread_cond_destroy,4709,4583,-2.675727330643449,-126
aes_256_wrapinv_get_params,4959,4833,-2.540834845735027,-126
aes_cbc_cts_gettable_ctx_params,13584,13458,-0.9275618374558304,-126
ossl_sa_doall_arg,11460,11333,-1.1082024432809774,-127
EVP_CIPHER_get_type,90418,90291,-0.14045875821186046,-127
sk_reserve,1150122,1149959,-0.01417240953568404,-163
aria_192_ccm_get_params,4875,4709,-3.405128205128205,-166
ossl_cipher_generic_einit,9375,9209,-1.7706666666666666,-166
def_to_int,2833,2667,-5.85951288386869,-166
fstat,11708,11542,-1.417833959685685,-166
aria_192_ecb_get_params,4625,4459,-3.589189189189189,-166
ossl_trace_cleanup,2750,2584,-6.036363636363636,-166
OSSL_PARAM_get_int32,6583,6417,-2.5216466656539573,-166
EVP_aria_256_cfb8,2875,2709,-5.77391304347826,-166
camellia_256_ctr_get_params,5125,4959,-3.2390243902439027,-166
EVP_CIPHER_CTX_get_block_size,5875,5708,-2.842553191489362,-167
def_init_default,3125,2958,-5.344,-167
aria_256_cfb1_get_params,4625,4458,-3.6108108108108103,-167
OSSL_STORE_LOADER_set_expect,5167,5000,-3.232049545190633,-167
EVP_aes_256_wrap,2792,2625,-5.981375358166189,-167
EVP_aria_192_cfb1,2833,2666,-5.894811154253442,-167
camellia_128_ctr_get_params,5042,4875,-3.3121777072590244,-167
aria_256_cbc_get_params,4542,4375,-3.676794363716424,-167
EVP_shake256,2375,2208,-7.031578947368421,-167
CRYPTO_atomic_or,10292,10124,-1.6323357947920714,-168
flsl,8333,8127,-2.472098883955358,-206
EVP_blake2b512,3041,2834,-6.806971390989807,-207
store_loader_hash,7583,7376,-2.7297903204536462,-207
EVP_rc2_64_cbc,2541,2334,-8.146399055489963,-207
ossl_provider_add_conf_module,4875,4667,-4.266666666666667,-208
sm4_128_cfb128_get_params,4708,4500,-4.4180118946474085,-208
aria_192_cbc_get_params,4708,4500,-4.4180118946474085,-208
ossl_indicator_set_callback_free,4917,4709,-4.230221679886109,-208
aes_128_xts_get_params,4750,4542,-4.378947368421052,-208
aes_192_ccm_get_params,4750,4542,-4.378947368421052,-208
EVP_seed_cbc,2250,2042,-9.244444444444444,-208
strchr,2583,2375,-8.05265195509098,-208
aria_256_ecb_get_params,5167,4959,-4.025546738920069,-208
app_get0_propq,2542,2334,-8.18253343823761,-208
EVP_aria_256_ccm,2750,2542,-7.563636363636364,-208
ossl_property_has_optional,5167,4959,-4.025546738920069,-208
ossl_property_free,9374,9166,-2.2189033496906334,-208
aes_192_wrappad_get_params,4875,4667,-4.266666666666667,-208
tdes_ede2_cfb_get_params,4833,4625,-4.303745085867991,-208
strlen,9750,9542,-2.1333333333333333,-208
EVP_sm3,2416,2208,-8.609271523178808,-208
lsl::Vector<lsl::MemoryManager::Buffer>::reserve(unsigned long),10667,10459,-1.9499390644042374,-208
camellia_cts_128_cbc_get_params,5709,5500,-3.6608863198458574,-209
opt_check_rest_arg,3875,3666,-5.393548387096774,-209
EVP_aes_256_cfb128,3125,2916,-6.688,-209
aes_128_siv_get_params,4917,4708,-4.250559284116331,-209
EVP_rc2_ofb,2250,2041,-9.288888888888888,-209
opt_set_unknown_name,3625,3416,-5.76551724137931,-209
ENGINE_register_DH,7917,7668,-3.145130731337628,-249
EVP_aria_128_cbc,3083,2834,-8.076548816088227,-249
bio_open_default,7458,7209,-3.3386967015285602,-249
aria_128_cfb1_get_params,4708,4459,-5.288870008496177,-249
BIO_get_data,14958,14709,-1.6646610509426392,-249
ossl_cipher_generic_gettable_ctx_params,445416,445167,-0.05590279648687967,-249
app_get0_libctx,5666,5417,-4.394634662901518,-249
EVP_aria_128_cfb128,3416,3166,-7.318501170960187,-250
aes_192_wrap_get_params,4584,4334,-5.453752181500873,-250
EVP_aes_128_gcm,3125,2875,-8.0,-250
engine_pkey_meths_free,5042,4792,-4.958349861166203,-250
__cxa_finalize,3250,3000,-7.6923076923076925,-250
OSSL_STORE_LOADER_set_load,5000,4750,-5.0,-250
EVP_CipherUpdate,3917,3667,-6.382435537401072,-250
OSSL_STORE_register_loader,3791,3541,-6.594566077552097,-250
EVP_CIPHER_get_iv_length,4333,4083,-5.769674590353104,-250
aes_128_ofb_get_params,4375,4125,-5.714285714285714,-250
EVP_aria_128_cfb8,3209,2958,-7.821751324400125,-251
_kernelrpc_mach_port_destruct_trap,17334,17083,-1.448021229952694,-251
cipher_ocb_gettable_ctx_params,13708,13417,-2.1228479719871607,-291
aes_256_wrap_get_params,5041,4750,-5.77266415393771,-291
aria_128_gcm_get_params,4541,4250,-6.4082801145122215,-291
aria_256_gcm_get_params,5375,5084,-5.413953488372093,-291
ossl_prov_ctx_get0_libctx,4375,4083,-6.674285714285714,-292
EVP_seed_ofb,2458,2166,-11.879576891781937,-292
camellia_256_cfb_get_params,5042,4750,-5.791352637842126,-292
aes_256_cfb8_get_params,4667,4375,-6.256695950289265,-292
OSSL_STORE_LOADER_free,4917,4625,-5.938580435224731,-292
COMP_zlib,3667,3375,-7.962912462503409,-292
__findenv_locked,27999,27707,-1.0428943890853244,-292
EVP_cast5_cbc,2542,2250,-11.48701809598741,-292
EVP_rc2_cfb64,2625,2292,-12.685714285714287,-333
aes_256_gcm_get_params,4916,4583,-6.77379983726607,-333
EVP_CIPHER_get_key_length,5333,5000,-6.244140258766173,-333
aria_128_cfb8_get_params,4792,4458,-6.969949916527546,-334
szone_good_size,38001,37667,-0.87892423883582,-334
OPENSSL_sk_pop_free,71249,70915,-0.4687785091720586,-334
tiny_size,59122,58749,-0.630898819390413,-373
ossl_store_register_init,4791,4417,-7.806303485702358,-374
EVP_cast5_ofb,2500,2125,-15.0,-375
BIO_meth_set_puts,3875,3500,-9.67741935483871,-375
ENGINE_register_RAND,8416,8041,-4.455798479087453,-375
tdes_ede3_cbc_get_params,4917,4542,-7.6266015863331305,-375
EVP_sm4_cbc,2334,1958,-16.10968294772922,-376
__sflags,9041,8625,-4.60126092246433,-416
camellia_256_cfb8_get_params,5583,5167,-7.451191115887516,-416
EVP_ripemd160,2583,2167,-16.10530391018196,-416
OSSL_LIB_CTX_free,4166,3750,-9.985597695631302,-416
EVP_des_ede3_ofb,3000,2583,-13.900000000000002,-417
app_RAND_write,3792,3375,-10.996835443037975,-417
EVP_sha224,2250,1833,-18.53333333333333,-417
aes_192_cfb8_get_params,4667,4250,-8.935076065995286,-417
small_size,22335,21917,-1.8715021267069623,-418
get_legacy_evp_names,158333,157881,-0.28547428520902146,-452
ossl_cipher_capable_aes_cbc_hmac_sha1,13249,12791,-3.456864669031625,-458
aes_192_siv_get_params,4875,4417,-9.394871794871795,-458
getuid,6458,6000,-7.09197894084856,-458
small_free_list_remove_ptr_no_clear,46834,46375,-0.9800572233847205,-459
OPENSSL_strnlen,27790,27292,-1.7920115149334293,-498
__sflush,16459,15959,-3.037851631326326,-500
aes_128_ccm_get_params,5208,4708,-9.600614439324117,-500
OPENSSL_sk_free,39959,39459,-1.2512825646287444,-500
EVP_sha256,5042,4542,-9.916699722332407,-500
file_free,17082,16581,-2.9329118370214258,-501
EVP_MD_get_type,193415,192914,-0.2590285138174392,-501
ossl_lib_ctx_get_rcukey,11375,10833,-4.764835164835165,-542
ossl_sa_get,512379,511831,-0.10695208039361488,-548
eat_alpha_numeric,510042,509459,-0.11430431219389776,-583
ossl_aes_gcm_siv_gettable_ctx_params,15668,15084,-3.7273423538422263,-584
BIO_clear_flags,14167,13583,-4.122255946918896,-584
ossl_provider_ctx,341583,340995,-0.17213971421294386,-588
__smakebuf,3750,3042,-18.88,-708
engine_free_util,11499,10665,-7.252804591703627,-834
ossl_lib_ctx_unlock,377959,377121,-0.22171717038091432,-838
pthread_rwlock_init,117667,116793,-0.7427740997900856,-874
small_free_list_remove_ptr,38374,37459,-2.38442695575129,-915
__sclose,8583,7625,-11.161598508679948,-958
OPENSSL_cleanse,12000,11041,-7.991666666666666,-959
do_all_fn,577620,576545,-0.1861085142481216,-1075
CRYPTO_new_ex_data,35915,34835,-3.007100097452318,-1080
os_unfair_recursive_lock_lock_with_options,23418,22249,-4.9918865829703645,-1169
CRYPTO_atomic_add,16002,14749,-7.830271216097988,-1253
OSSL_PARAM_set_uint32,499840,498582,-0.25168053777208704,-1258
OPENSSL_LH_set_thunks,428912,427635,-0.2977300705039728,-1277
deflt_query,19208,17875,-6.93981674302374,-1333
ossl_lib_ctx_read_lock,424669,423206,-0.3445036016285625,-1463
lsl::Lock::unlock(),6208,4666,-24.838917525773198,-1542
ossl_property_value,15209,13166,-13.432835820895523,-2043
CRYPTO_realloc,486883,484788,-0.43028818011719444,-2095
__write_nocancel,55709,53542,-3.8898562171282918,-2167
trim_ws,276881,274668,-0.7992603320560097,-2213
BIO_new,21333,19043,-10.734542727230114,-2290
__close_nocancel,31292,28750,-8.123482040138054,-2542
nanov2_pointer_size,194792,192250,-1.3049817240954453,-2542
names_free,313299,310670,-0.8391345009080783,-2629
_os_once,1231985,1229205,-0.2256520980369079,-2780
__sigaction,7666,4875,-36.4075136968432,-2791
_platform_memchr,1350658,1347633,-0.22396491191700638,-3025
_platform_strncmp,867373,864336,-0.35013771468560817,-3037
rack_get_thread_index,82166,79123,-3.7034783243677434,-3043
_szone_free,68585,65331,-4.744477655464023,-3254
evp_cipher_up_ref,456784,453496,-0.7198150548180322,-3288
_pthread_mutex_lock_init_slow,1985293,1981951,-0.1683378725457653,-3342
tiny_free_no_lock,3625,0,-100.0,-3625
CRYPTO_THREAD_get_local,1282249,1278621,-0.28294036493691943,-3628
pthread_mutex_lock,1727744,1724081,-0.21201057564083567,-3663
_platform_strchr,1727178,1723463,-0.21509074339761158,-3715
value_free_hash,473335,469581,-0.7930957989584544,-3754
os_unfair_lock_assert_owner,73917,70126,-5.1287254623428975,-3791
BUF_MEM_grow,1127251,1123166,-0.3623860169562946,-4085
sa_free_node,546131,542003,-0.7558626043934513,-4128
pthread_mutex_unlock,1834046,1829877,-0.22731163776699165,-4169
names_lh_free_doall,1519044,1514782,-0.2805712013608559,-4262
tiny_malloc_from_free_list,10125,5666,-44.0395061728395,-4459
tiny_try_realloc_in_place,4500,0,-100.0,-4500
name_string_free,888292,883629,-0.5249399972081252,-4663
OPENSSL_LH_strhash,2714046,2709293,-0.17512599270609266,-4753
madvise,54459,49291,-9.489707853614645,-5168
pthread_rwlock_rdlock,3313252,3307953,-0.15993350339787013,-5299
EVP_CIPHER_get0_provider,563460,558129,-0.9461186242146736,-5331
property_defn_hash,465174,459665,-1.184288029855495,-5509
property_defn_cmp,442591,436335,-1.413494625963926,-6256
rack_region_insert,20541,13291,-35.29526313227204,-7250
ossl_lib_ctx_get_data,1603298,1596005,-0.4548748891347709,-7293
obj_name_cmp,2503992,2496373,-0.3042741350611344,-7619
nanov2_allocate_from_block,226915,219248,-3.3787982284115197,-7667
pthread_once,3033542,3025543,-0.26368515748257315,-7999
ossl_provider_libctx,803759,795606,-1.0143587816746065,-8153
conf_value_cmp,380078,370586,-2.4973821163024432,-9492
OSSL_PARAM_set_int32,2439720,2429924,-0.4015214860721722,-9796
_kernelrpc_mach_vm_map_trap,38251,26584,-30.501163368277957,-11667
internal_free_nop,856320,842417,-1.6235752989536623,-13903
_nanov2_free,1877541,1862664,-0.7923661853456196,-14877
OPENSSL_sk_value,2323049,2306128,-0.7283961724440595,-16921
fnv1a_hash,4414401,4396845,-0.39769835137315346,-17556
nanov2_try_free_default,25899510,25880265,-0.07430642510225097,-19245
cipher_compare,4010322,3990880,-0.48479897624180807,-19442
_platform_memcmp,2743718,2722330,-0.7795261757950344,-21388
OSSL_PARAM_set_uint64,1522074,1499831,-1.4613612741561843,-22243
pthread_rwlock_unlock,9963784,9928737,-0.3517438756199452,-35047
CRYPTO_free,12251196,12210874,-0.32912705012637133,-40322
__error,3785024,3736727,-1.2760024771309244,-48297
err_string_data_cmp,10910074,10854153,-0.5125629761997947,-55921
_platform_strcmp,27922726,27863673,-0.21148723086707222,-59053
nanov2_malloc,18510243,18421844,-0.477568014639246,-88399
err_string_data_hash,16661773,16560903,-0.6053977568893779,-100870
malloc,13495698,13285989,-1.553895174595638,-209709
